<?xml version="1.0" encoding="utf-8"?>
<COLLADA xmlns="http://www.collada.org/2005/11/COLLADASchema" version="1.4.1">
  <asset>
    <contributor>
      <author>Mixamo</author>
      <authoring_tool>COLLADA Mixamo exporter</authoring_tool>
      <comments/>
    </contributor>
    <created>2023-02-11T02:10:42Z</created>
    <modified>2023-02-11T02:10:42Z</modified>
    <revision/>
    <title/>
    <unit meter="0.010000"/>
    <up_axis>Y_UP</up_axis>
  </asset>
  <library_animations>
    <animation id="mixamorig_Hips-anim" name="mixamorig_Hips">
      <source id="mixamorig_Hips-Matrix-animation-input">
        <float_array id="mixamorig_Hips-Matrix-animation-input-array" count="49">

0.000000 0.033333 0.066667 0.100000 0.133333 0.166667 0.200000 0.233333 0.266667 0.300000 0.333333 0.366667 0.400000 0.433333 0.466667 0.500000
0.533333 0.566667 0.600000 0.633333 0.666667 0.700000 0.733333 0.766667 0.800000 0.833333 0.866667 0.900000 0.933333 0.966667 1.000000 1.033333
1.066667 1.100000 1.133333 1.166667 1.200000 1.233333 1.266667 1.300000 1.333333 1.366667 1.400000 1.433333 1.466667 1.500000 1.533333 1.566667
1.600000</float_array>
        <technique_common>
          <accessor source="#mixamorig_Hips-Matrix-animation-input-array" count="49">
            <param name="TIME" type="float"/>
          </accessor>
        </technique_common>
      </source>
      <source id="mixamorig_Hips-Matrix-animation-output-transform">
        <float_array id="mixamorig_Hips-Matrix-animation-output-transform-array" count="784">

0.945700 -0.006147 -0.324983 0.802433 -0.059797 0.979467 -0.192533 108.157455 0.319493 0.201512 0.925914 -2.898183 0.000000 0.000000 0.000000 1.000000
0.949273 -0.004064 -0.314425 0.187511 -0.061765 0.978028 -0.199114 109.446800 0.308326 0.208434 0.928165 -3.232977 0.000000 0.000000 0.000000 1.000000
0.950258 -0.007456 -0.311374 -0.697347 -0.057238 0.978507 -0.198110 110.568611 0.306159 0.206078 0.929408 -3.775781 0.000000 0.000000 0.000000 1.000000
0.940793 -0.020647 -0.338352 -1.938231 -0.040205 0.984302 -0.171854 111.116119 0.336589 0.175283 0.925194 -4.134396 0.000000 0.000000 0.000000 1.000000
0.911318 -0.046623 -0.409055 -3.145308 -0.002481 0.992927 -0.118700 110.496094 0.411696 0.109188 0.904757 -3.493560 0.000000 0.000000 0.000000 1.000000
0.855245 -0.068031 -0.513739 -3.935386 0.044905 0.997346 -0.057318 109.038109 0.516275 0.025951 0.856030 -1.418281 0.000000 0.000000 0.000000 1.000000
0.734905 -0.077900 -0.673681 -5.166623 0.083738 0.996202 -0.023846 107.792122 0.672980 -0.038888 0.738637 1.803863 0.000000 0.000000 0.000000 1.000000
0.660617 -0.126690 -0.739956 -5.172708 0.133359 0.989785 -0.050404 107.888794 0.738783 -0.065382 0.670764 5.568562 0.000000 0.000000 0.000000 1.000000
0.603344 -0.165096 -0.780205 -5.069969 0.181915 0.981035 -0.066916 107.917961 0.776455 -0.101557 0.621935 8.773956 0.000000 0.000000 0.000000 1.000000
0.562517 -0.194586 -0.803561 -4.859502 0.218879 0.972282 -0.082221 107.650185 0.797287 -0.129632 0.589516 11.240808 0.000000 0.000000 0.000000 1.000000
0.543800 -0.219028 -0.810128 -4.422719 0.238881 0.965806 -0.100768 107.371719 0.804498 -0.138727 0.577527 12.641670 0.000000 0.000000 0.000000 1.000000
0.538636 -0.229784 -0.810599 -3.725460 0.232398 0.965288 -0.119208 107.228714 0.809853 -0.124172 0.573340 13.412077 0.000000 0.000000 0.000000 1.000000
0.563385 -0.232159 -0.792906 -2.599917 0.213179 0.968059 -0.131973 107.401756 0.798218 -0.094679 0.594881 13.952137 0.000000 0.000000 0.000000 1.000000
0.653683 -0.211082 -0.726735 -1.694226 0.178495 0.976223 -0.122994 107.695419 0.735417 -0.049320 0.675817 14.142263 0.000000 0.000000 0.000000 1.000000
0.811050 -0.159703 -0.562755 -1.557801 0.134809 0.987145 -0.085852 109.043480 0.569232 -0.006234 0.822154 14.064906 0.000000 0.000000 0.000000 1.000000
0.956271 -0.095274 -0.276531 -1.853942 0.080256 0.994643 -0.065154 111.005074 0.281257 0.040112 0.958794 13.700178 0.000000 0.000000 0.000000 1.000000
0.997600 -0.047150 0.050700 -2.477213 0.051066 0.995571 -0.078932 113.547287 -0.046754 0.081331 0.995590 11.508487 0.000000 0.000000 0.000000 1.000000
0.963186 0.012641 0.268540 -2.238050 0.018618 0.993359 -0.113539 113.714874 -0.268192 0.114359 0.956554 7.881977 0.000000 0.000000 0.000000 1.000000
0.929081 0.080327 0.361048 -2.567173 -0.014251 0.983182 -0.182069 112.394485 -0.369601 0.164012 0.914601 4.565886 0.000000 0.000000 0.000000 1.000000
0.915653 0.088888 0.392019 -4.128916 0.024854 0.960859 -0.275922 111.404312 -0.401201 0.262392 0.877604 3.222643 0.000000 0.000000 0.000000 1.000000
0.882984 0.115168 0.455056 -5.847455 0.042938 0.945553 -0.322622 107.848389 -0.467436 0.304409 0.829963 3.195649 0.000000 0.000000 0.000000 1.000000
0.845339 0.159628 0.509824 -7.447620 0.033619 0.936529 -0.348974 103.179512 -0.533171 0.312142 0.786318 4.063018 0.000000 0.000000 0.000000 1.000000
0.830173 0.222727 0.511083 -8.849348 0.003096 0.914875 -0.403726 99.257118 -0.557498 0.336745 0.758814 4.553686 0.000000 0.000000 0.000000 1.000000
0.838024 0.246674 0.486690 -9.625117 -0.014809 0.901927 -0.431635 96.974007 -0.545432 0.354513 0.759489 4.370364 0.000000 0.000000 0.000000 1.000000
0.869683 0.218252 0.442739 -9.434685 -0.015219 0.908369 -0.417892 97.254326 -0.493376 0.356696 0.793314 3.570565 0.000000 0.000000 0.000000 1.000000
0.912069 0.172013 0.372213 -8.989953 -0.013751 0.920074 -0.391503 98.494156 -0.409807 0.351959 0.841536 1.866672 0.000000 0.000000 0.000000 1.000000
0.951677 0.142192 0.272198 -9.218525 -0.042590 0.938895 -0.341559 99.462128 -0.304132 0.313461 0.899581 -0.436816 0.000000 0.000000 0.000000 1.000000
0.983050 0.104930 0.150342 -8.818958 -0.059360 0.958017 -0.280498 101.417137 -0.173463 0.266819 0.948008 -2.387092 0.000000 0.000000 0.000000 1.000000
0.997546 0.069226 0.010502 -9.034428 -0.064805 0.969627 -0.235846 104.103302 -0.026510 0.234587 0.971734 -4.376915 0.000000 0.000000 0.000000 1.000000
0.991444 0.042846 -0.123300 -9.908961 -0.066350 0.978883 -0.193353 106.701775 0.112412 0.199880 0.973351 -6.083632 0.000000 0.000000 0.000000 1.000000
0.971272 0.019141 -0.237199 -10.869260 -0.055889 0.987228 -0.149187 108.962250 0.231314 0.158158 0.959937 -7.334877 0.000000 0.000000 0.000000 1.000000
0.946552 -0.013449 -0.322270 -11.788142 -0.026107 0.992658 -0.118105 110.912392 0.321492 0.120206 0.939252 -8.146901 0.000000 0.000000 0.000000 1.000000
0.920668 -0.041844 -0.388098 -11.913887 0.003631 0.995113 -0.098679 111.695946 0.390331 0.089442 0.916320 -8.104452 0.000000 0.000000 0.000000 1.000000
0.893758 -0.063893 -0.443976 -11.806252 0.028442 0.995884 -0.086063 112.000145 0.447647 0.064292 0.891896 -7.621542 0.000000 0.000000 0.000000 1.000000
0.870268 -0.081041 -0.485867 -11.596067 0.047122 0.995546 -0.081650 111.995506 0.490320 0.048163 0.870211 -7.059678 0.000000 0.000000 0.000000 1.000000
0.850339 -0.093316 -0.517896 -10.960316 0.060494 0.994962 -0.079948 111.623558 0.522747 0.036653 0.851699 -6.544294 0.000000 0.000000 0.000000 1.000000
0.838796 -0.100570 -0.535077 -9.999018 0.062705 0.994096 -0.088548 111.035332 0.540823 0.040721 0.840150 -6.071258 0.000000 0.000000 0.000000 1.000000
0.837538 -0.106144 -0.535970 -8.820925 0.058559 0.992737 -0.105095 110.349953 0.543233 0.056635 0.837670 -5.655422 0.000000 0.000000 0.000000 1.000000
0.848900 -0.107427 -0.517521 -7.459500 0.050643 0.991154 -0.122673 109.695908 0.526122 0.077928 0.846831 -5.289647 0.000000 0.000000 0.000000 1.000000
0.864058 -0.105562 -0.492199 -6.054220 0.037708 0.988591 -0.145826 109.073891 0.501977 0.107442 0.858181 -5.024007 0.000000 0.000000 0.000000 1.000000
0.880953 -0.101965 -0.462088 -4.640606 0.025502 0.985320 -0.168803 108.394119 0.472517 0.136923 0.870620 -4.742472 0.000000 0.000000 0.000000 1.000000
0.896550 -0.088387 -0.434035 -3.100224 0.008842 0.983265 -0.181969 107.724228 0.442855 0.159306 0.882327 -4.258004 0.000000 0.000000 0.000000 1.000000
0.910407 -0.072316 -0.407344 -1.717226 -0.005123 0.982558 -0.185883 106.927490 0.413682 0.171316 0.894158 -3.630656 0.000000 0.000000 0.000000 1.000000
0.921417 -0.058396 -0.384162 -0.290466 -0.015141 0.982497 -0.185663 106.549225 0.388279 0.176889 0.904405 -2.874651 0.000000 0.000000 0.000000 1.000000
0.929871 -0.046851 -0.364889 0.736809 -0.022095 0.982955 -0.182514 106.207176 0.367221 0.177777 0.912987 -2.225731 0.000000 0.000000 0.000000 1.000000
0.936671 -0.040850 -0.347819 1.366477 -0.024820 0.982933 -0.182281 105.951065 0.349329 0.179370 0.919671 -1.953708 0.000000 0.000000 0.000000 1.000000
0.940151 -0.034469 -0.339010 1.633892 -0.030237 0.982507 -0.183752 106.162720 0.339414 0.183006 0.922663 -2.098249 0.000000 0.000000 0.000000 1.000000
0.943471 -0.021057 -0.330784 1.381828 -0.045195 0.980486 -0.191321 106.911476 0.328358 0.195456 0.924109 -2.500595 0.000000 0.000000 0.000000 1.000000
0.945700 -0.006147 -0.324982 0.802448 -0.059796 0.979467 -0.192534 108.157463 0.319493 0.201512 0.925914 -2.898177 0.000000 0.000000 0.000000 1.000000</float_array>
        <technique_common>
          <accessor source="#mixamorig_Hips-Matrix-animation-output-transform-array" count="49" stride="16">
            <param type="float4x4"/>
          </accessor>
        </technique_common>
      </source>
      <source id="mixamorig_Hips-Interpolations">
        <Name_array id="mixamorig_Hips-Interpolations-array" count="49">
 LINEAR LINEAR LINEAR LINEAR LINEAR LINEAR LINEAR LINEAR LINEAR LINEAR LINEAR
LINEAR LINEAR LINEAR LINEAR LINEAR LINEAR LINEAR LINEAR LINEAR LINEAR LINEAR LINEAR
LINEAR LINEAR LINEAR LINEAR LINEAR LINEAR LINEAR LINEAR LINEAR LINEAR LINEAR LINEAR
LINEAR LINEAR LINEAR LINEAR LINEAR LINEAR LINEAR LINEAR LINEAR LINEAR LINEAR LINEAR
LINEAR LINEAR</Name_array>
        <technique_common>
          <accessor source="#mixamorig_Hips-Interpolations-array" count="49">
            <param type="name"/>
          </accessor>
        </technique_common>
      </source>
      <sampler id="mixamorig_Hips-Matrix-animation-transform">
        <input semantic="INPUT" source="#mixamorig_Hips-Matrix-animation-input"/>
        <input semantic="OUTPUT" source="#mixamorig_Hips-Matrix-animation-output-transform"/>
        <input semantic="INTERPOLATION" source="#mixamorig_Hips-Interpolations"/>
      </sampler>
      <channel source="#mixamorig_Hips-Matrix-animation-transform" target="mixamorig_Hips/matrix"/>
    </animation>
    <animation id="mixamorig_Spine-anim" name="mixamorig_Spine">
      <source id="mixamorig_Spine-Matrix-animation-input">
        <float_array id="mixamorig_Spine-Matrix-animation-input-array" count="49">

0.000000 0.033333 0.066667 0.100000 0.133333 0.166667 0.200000 0.233333 0.266667 0.300000 0.333333 0.366667 0.400000 0.433333 0.466667 0.500000
0.533333 0.566667 0.600000 0.633333 0.666667 0.700000 0.733333 0.766667 0.800000 0.833333 0.866667 0.900000 0.933333 0.966667 1.000000 1.033333
1.066667 1.100000 1.133333 1.166667 1.200000 1.233333 1.266667 1.300000 1.333333 1.366667 1.400000 1.433333 1.466667 1.500000 1.533333 1.566667
1.600000</float_array>
        <technique_common>
          <accessor source="#mixamorig_Spine-Matrix-animation-input-array" count="49">
            <param name="TIME" type="float"/>
          </accessor>
        </technique_common>
      </source>
      <source id="mixamorig_Spine-Matrix-animation-output-transform">
        <float_array id="mixamorig_Spine-Matrix-animation-output-transform-array" count="784">

0.999453 -0.031443 -0.010282 -0.000900 0.031264 0.999364 -0.017173 9.938600 0.010816 0.016842 0.999800 0.799700 0.000000 0.000000 0.000000 1.000000
0.999620 -0.027544 -0.001114 -0.000900 0.027528 0.999544 -0.012370 9.938600 0.001454 0.012335 0.999923 0.799700 0.000000 0.000000 0.000000 1.000000
0.999519 -0.027820 0.013738 -0.000900 0.027878 0.999603 -0.004023 9.938600 -0.013621 0.004404 0.999898 0.799700 0.000000 0.000000 0.000000 1.000000
0.999103 -0.039466 0.015345 -0.000900 0.039245 0.999125 0.014444 9.938600 -0.015902 -0.013829 0.999778 0.799700 0.000000 0.000000 0.000000 1.000000
0.998755 -0.048585 0.011303 -0.000900 0.047996 0.997712 0.047619 9.938600 -0.013590 -0.047017 0.998802 0.799700 0.000000 0.000000 0.000000 1.000000
0.997975 -0.059121 -0.023470 -0.000900 0.060873 0.994716 0.082672 9.938600 0.018458 -0.083933 0.996300 0.799700 0.000000 0.000000 0.000000 1.000000
0.993129 -0.082771 -0.082731 -0.000900 0.092828 0.987650 0.126218 9.938600 0.071262 -0.133030 0.988547 0.799700 0.000000 0.000000 0.000000 1.000000
0.984941 -0.107204 -0.135639 -0.000900 0.127533 0.980219 0.151349 9.938600 0.116730 -0.166368 0.979130 0.799700 0.000000 0.000000 0.000000 1.000000
0.978858 -0.118943 -0.166404 -0.000900 0.145193 0.977078 0.155684 9.938600 0.144073 -0.176553 0.973690 0.799700 0.000000 0.000000 0.000000 1.000000
0.970532 -0.135955 -0.198958 -0.000900 0.166294 0.975407 0.144662 9.938600 0.174398 -0.173485 0.969272 0.799700 0.000000 0.000000 0.000000 1.000000
0.963423 -0.142850 -0.226737 -0.000900 0.176218 0.975131 0.134410 9.938600 0.201898 -0.169449 0.964637 0.799700 0.000000 0.000000 0.000000 1.000000
0.959679 -0.143223 -0.241876 -0.000900 0.178096 0.975524 0.128979 9.938600 0.217483 -0.166855 0.961697 0.799700 0.000000 0.000000 0.000000 1.000000
0.959298 -0.146464 -0.241446 -0.000900 0.181192 0.975024 0.128441 9.938600 0.216604 -0.166961 0.961877 0.799700 0.000000 0.000000 0.000000 1.000000
0.960783 -0.144602 -0.236613 -0.000900 0.180368 0.973989 0.137159 9.938600 0.210625 -0.174458 0.961874 0.799700 0.000000 0.000000 0.000000 1.000000
0.966065 -0.128148 -0.224271 -0.000900 0.165072 0.974112 0.154456 9.938600 0.198672 -0.186235 0.962209 0.799700 0.000000 0.000000 0.000000 1.000000
0.982362 -0.096750 -0.160015 -0.000900 0.123813 0.977828 0.168886 9.938600 0.140128 -0.185719 0.972560 0.799700 0.000000 0.000000 0.000000 1.000000
0.997739 -0.045587 -0.049377 -0.000900 0.052886 0.985966 0.158348 9.938600 0.041465 -0.160601 0.986148 0.799700 0.000000 0.000000 0.000000 1.000000
0.996907 -0.048273 0.062015 -0.000900 0.040740 0.992240 0.117475 9.938600 -0.067205 -0.114585 0.991138 0.799700 0.000000 0.000000 0.000000 1.000000
0.984827 -0.105439 0.137833 -0.000900 0.091698 0.990495 0.102521 9.938600 -0.147333 -0.088327 0.985135 0.799700 0.000000 0.000000 0.000000 1.000000
0.977511 -0.102264 0.184432 -0.000900 0.090554 0.993368 0.070854 9.938600 -0.190455 -0.052559 0.980288 0.799700 0.000000 0.000000 0.000000 1.000000
0.964052 -0.110320 0.241729 -0.000900 0.103939 0.993817 0.039033 9.938600 -0.244541 -0.012504 0.969558 0.799700 0.000000 0.000000 0.000000 1.000000
0.957730 -0.113867 0.264172 -0.000900 0.121788 0.992461 -0.013745 9.938600 -0.260615 0.045337 0.964378 0.799700 0.000000 0.000000 0.000000 1.000000
0.978058 -0.080194 0.192281 -0.000900 0.098395 0.991333 -0.087050 9.938600 -0.183633 0.104059 0.977472 0.799700 0.000000 0.000000 0.000000 1.000000
0.993787 -0.034366 0.105857 -0.000900 0.049834 0.987860 -0.147139 9.938600 -0.099515 0.151500 0.983435 0.799700 0.000000 0.000000 0.000000 1.000000
0.999549 0.010406 0.028168 -0.000900 -0.005374 0.984883 -0.173137 9.938600 -0.029544 0.172908 0.984495 0.799700 0.000000 0.000000 0.000000 1.000000
0.999549 0.029729 0.004256 -0.000900 -0.028756 0.988289 -0.149861 9.938600 -0.008661 0.149671 0.988698 0.799700 0.000000 0.000000 0.000000 1.000000
0.999724 0.023128 -0.004050 -0.000900 -0.023429 0.993945 -0.107356 9.938600 0.001542 0.107421 0.994212 0.799700 0.000000 0.000000 0.000000 1.000000
0.999778 0.008283 0.019365 -0.000900 -0.006777 0.997037 -0.076627 9.938600 -0.019942 0.076478 0.996872 0.799700 0.000000 0.000000 0.000000 1.000000
0.999725 0.002164 0.023336 -0.000900 -0.001059 0.998882 -0.047267 9.938600 -0.023412 0.047229 0.998610 0.799700 0.000000 0.000000 0.000000 1.000000
0.999847 -0.013825 -0.010695 -0.000900 0.013544 0.999571 -0.025978 9.938600 0.011050 0.025829 0.999605 0.799700 0.000000 0.000000 0.000000 1.000000
0.998805 -0.024197 -0.042469 -0.000900 0.023605 0.999618 -0.014387 9.938600 0.042801 0.013367 0.998994 0.799700 0.000000 0.000000 0.000000 1.000000
0.997617 -0.019993 -0.066039 -0.000900 0.019685 0.999792 -0.005315 9.938600 0.066131 0.004002 0.997803 0.799700 0.000000 0.000000 0.000000 1.000000
0.996494 -0.030436 -0.077933 -0.000900 0.030819 0.999518 0.003721 9.938600 0.077782 -0.006110 0.996952 0.799700 0.000000 0.000000 0.000000 1.000000
0.995145 -0.043183 -0.088443 -0.000900 0.044503 0.998925 0.013002 9.938600 0.087787 -0.016875 0.995996 0.799700 0.000000 0.000000 0.000000 1.000000
0.993743 -0.052624 -0.098512 -0.000900 0.055005 0.998252 0.021609 9.938600 0.097203 -0.026892 0.994901 0.799700 0.000000 0.000000 0.000000 1.000000
0.993446 -0.056768 -0.099209 -0.000900 0.059518 0.997914 0.024985 9.938600 0.097583 -0.030726 0.994753 0.799700 0.000000 0.000000 0.000000 1.000000
0.993310 -0.061885 -0.097501 -0.000900 0.064539 0.997619 0.024301 9.938600 0.095765 -0.030431 0.994939 0.799700 0.000000 0.000000 0.000000 1.000000
0.993111 -0.068976 -0.094720 -0.000900 0.071447 0.997180 0.022947 9.938600 0.092870 -0.029557 0.995239 0.799700 0.000000 0.000000 0.000000 1.000000
0.993281 -0.074812 -0.088299 -0.000900 0.076945 0.996814 0.020997 9.938600 0.086447 -0.027650 0.995873 0.799700 0.000000 0.000000 0.000000 1.000000
0.993487 -0.079435 -0.081695 -0.000900 0.081283 0.996499 0.019550 9.938600 0.079856 -0.026064 0.996466 0.799700 0.000000 0.000000 0.000000 1.000000
0.993902 -0.078351 -0.077583 -0.000900 0.080078 0.996600 0.019398 9.938600 0.075800 -0.025493 0.996797 0.799700 0.000000 0.000000 0.000000 1.000000
0.994033 -0.081754 -0.072219 -0.000900 0.082956 0.996458 0.013802 9.938600 0.070835 -0.019710 0.997293 0.799700 0.000000 0.000000 0.000000 1.000000
0.995276 -0.077461 -0.058533 -0.000900 0.078013 0.996926 0.007215 9.938600 0.057795 -0.011747 0.998259 0.799700 0.000000 0.000000 0.000000 1.000000
0.996142 -0.076171 -0.043588 -0.000900 0.076206 0.997092 -0.000856 9.938600 0.043526 -0.002468 0.999049 0.799700 0.000000 0.000000 0.000000 1.000000
0.997014 -0.070776 -0.030884 -0.000900 0.070533 0.997470 -0.008902 9.938600 0.031436 0.006697 0.999483 0.799700 0.000000 0.000000 0.000000 1.000000
0.997804 -0.060393 -0.027204 -0.000900 0.059977 0.998074 -0.015870 9.938600 0.028110 0.014203 0.999504 0.799700 0.000000 0.000000 0.000000 1.000000
0.998319 -0.052649 -0.024250 -0.000900 0.052159 0.998430 -0.020429 9.938600 0.025288 0.019130 0.999497 0.799700 0.000000 0.000000 0.000000 1.000000
0.999041 -0.040864 -0.015702 -0.000900 0.040576 0.999010 -0.018225 9.938600 0.016431 0.017571 0.999711 0.799700 0.000000 0.000000 0.000000 1.000000
0.999453 -0.031443 -0.010282 -0.000900 0.031263 0.999364 -0.017173 9.938600 0.010815 0.016842 0.999800 0.799700 0.000000 0.000000 0.000000 1.000000</float_array>
        <technique_common>
          <accessor source="#mixamorig_Spine-Matrix-animation-output-transform-array" count="49" stride="16">
            <param type="float4x4"/>
          </accessor>
        </technique_common>
      </source>
      <source id="mixamorig_Spine-Interpolations">
        <Name_array id="mixamorig_Spine-Interpolations-array" count="49">
 LINEAR LINEAR LINEAR LINEAR LINEAR LINEAR LINEAR LINEAR LINEAR LINEAR LINEAR
LINEAR LINEAR LINEAR LINEAR LINEAR LINEAR LINEAR LINEAR LINEAR LINEAR LINEAR LINEAR
LINEAR LINEAR LINEAR LINEAR LINEAR LINEAR LINEAR LINEAR LINEAR LINEAR LINEAR LINEAR
LINEAR LINEAR LINEAR LINEAR LINEAR LINEAR LINEAR LINEAR LINEAR LINEAR LINEAR LINEAR
LINEAR LINEAR</Name_array>
        <technique_common>
          <accessor source="#mixamorig_Spine-Interpolations-array" count="49">
            <param type="name"/>
          </accessor>
        </technique_common>
      </source>
      <sampler id="mixamorig_Spine-Matrix-animation-transform">
        <input semantic="INPUT" source="#mixamorig_Spine-Matrix-animation-input"/>
        <input semantic="OUTPUT" source="#mixamorig_Spine-Matrix-animation-output-transform"/>
        <input semantic="INTERPOLATION" source="#mixamorig_Spine-Interpolations"/>
      </sampler>
      <channel source="#mixamorig_Spine-Matrix-animation-transform" target="mixamorig_Spine/matrix"/>
    </animation>
    <animation id="mixamorig_Spine1-anim" name="mixamorig_Spine1">
      <source id="mixamorig_Spine1-Matrix-animation-input">
        <float_array id="mixamorig_Spine1-Matrix-animation-input-array" count="49">

0.000000 0.033333 0.066667 0.100000 0.133333 0.166667 0.200000 0.233333 0.266667 0.300000 0.333333 0.366667 0.400000 0.433333 0.466667 0.500000
0.533333 0.566667 0.600000 0.633333 0.666667 0.700000 0.733333 0.766667 0.800000 0.833333 0.866667 0.900000 0.933333 0.966667 1.000000 1.033333
1.066667 1.100000 1.133333 1.166667 1.200000 1.233333 1.266667 1.300000 1.333333 1.366667 1.400000 1.433333 1.466667 1.500000 1.533333 1.566667
1.600000</float_array>
        <technique_common>
          <accessor source="#mixamorig_Spine1-Matrix-animation-input-array" count="49">
            <param name="TIME" type="float"/>
          </accessor>
        </technique_common>
      </source>
      <source id="mixamorig_Spine1-Matrix-animation-output-transform">
        <float_array id="mixamorig_Spine1-Matrix-animation-output-transform-array" count="784">

0.999458 -0.024126 -0.022397 -0.000000 0.022314 0.996712 -0.077887 11.597900 0.024203 0.077345 0.996711 0.000000 0.000000 0.000000 0.000000 1.000000
0.999651 -0.021527 -0.015292 0.000000 0.020351 0.997102 -0.073307 11.597900 0.016826 0.072971 0.997192 0.000000 0.000000 0.000000 0.000000 1.000000
0.999781 -0.020489 -0.004144 0.000000 0.020175 0.997655 -0.065399 11.597900 0.005475 0.065301 0.997851 0.000000 0.000000 0.000000 0.000000 1.000000
0.999611 -0.027740 -0.002906 0.000000 0.027556 0.998324 -0.050897 11.597900 0.004313 0.050797 0.998700 0.000000 0.000000 0.000000 0.000000 1.000000
0.999313 -0.036659 -0.005481 0.000000 0.036504 0.998993 -0.026069 11.597900 0.006431 0.025851 0.999645 0.000000 0.000000 0.000000 0.000000 1.000000
0.998216 -0.050948 -0.031137 0.000000 0.050847 0.998698 -0.004023 11.597900 0.031302 0.002432 0.999507 0.000000 0.000000 0.000000 0.000000 1.000000
0.994252 -0.076189 -0.075222 -0.000000 0.078260 0.996620 0.024973 11.597900 0.073065 -0.030716 0.996854 -0.000000 0.000000 0.000000 0.000000 1.000000
0.988962 -0.094575 -0.114062 -0.000000 0.100519 0.993799 0.047526 11.597900 0.108860 -0.058466 0.992336 0.000000 0.000000 0.000000 0.000000 1.000000
0.985289 -0.103081 -0.136305 0.000000 0.111183 0.992374 0.053211 11.597900 0.129781 -0.067583 0.989237 0.000000 0.000000 0.000000 0.000000 1.000000
0.980459 -0.115203 -0.159466 -0.000000 0.124204 0.991112 0.047641 11.597900 0.152560 -0.066516 0.986053 -0.000000 0.000000 0.000000 0.000000 1.000000
0.976443 -0.119062 -0.179956 -0.000000 0.128767 0.990733 0.043204 11.597900 0.173144 -0.065359 0.982725 0.000000 0.000000 0.000000 0.000000 1.000000
0.973999 -0.121660 -0.191115 -0.000000 0.131466 0.990535 0.039449 11.597900 0.184507 -0.063549 0.980775 -0.000000 0.000000 0.000000 0.000000 1.000000
0.973536 -0.125682 -0.190874 -0.000000 0.135426 0.990026 0.038842 11.597900 0.184088 -0.063664 0.980846 -0.000000 0.000000 0.000000 0.000000 1.000000
0.974029 -0.124890 -0.188863 -0.000000 0.135726 0.989700 0.045521 11.597900 0.181233 -0.069972 0.980948 0.000000 0.000000 0.000000 0.000000 1.000000
0.976785 -0.110331 -0.183625 0.000000 0.122887 0.990699 0.058436 11.597900 0.175470 -0.079644 0.981258 0.000000 0.000000 0.000000 0.000000 1.000000
0.987175 -0.078399 -0.139063 0.000000 0.088174 0.993944 0.065576 11.597900 0.133080 -0.076996 0.988110 0.000000 0.000000 0.000000 0.000000 1.000000
0.997459 -0.040976 -0.058273 -0.000000 0.043823 0.997864 0.048442 11.597900 0.056164 -0.050873 0.997125 0.000000 0.000000 0.000000 0.000000 1.000000
0.998548 -0.045955 0.028122 0.000000 0.045516 0.998835 0.016025 11.597900 -0.028826 -0.014722 0.999476 -0.000000 0.000000 0.000000 0.000000 1.000000
0.992830 -0.080501 0.088363 -0.000000 0.079665 0.996738 0.012951 11.597900 -0.089118 -0.005819 0.996004 0.000000 0.000000 0.000000 0.000000 1.000000
0.990096 -0.067120 0.123305 -0.000000 0.068480 0.997629 -0.006821 11.597900 -0.122555 0.015198 0.992345 0.000000 0.000000 0.000000 0.000000 1.000000
0.984089 -0.066285 0.164846 0.000000 0.073718 0.996501 -0.039381 11.597900 -0.161659 0.050906 0.985533 -0.000000 0.000000 0.000000 0.000000 1.000000
0.981686 -0.065682 0.178826 0.000000 0.082331 0.992772 -0.087324 11.597900 -0.171798 0.100448 0.979998 0.000000 0.000000 0.000000 0.000000 1.000000
0.991661 -0.041355 0.122061 -0.000000 0.058259 0.988669 -0.138345 11.597900 -0.114957 0.144303 0.982834 0.000000 0.000000 0.000000 0.000000 1.000000
0.998321 -0.009221 0.057180 0.000000 0.019391 0.983486 -0.179944 11.597900 -0.054577 0.180751 0.982013 0.000000 0.000000 0.000000 0.000000 1.000000
0.999790 0.020385 0.001958 -0.000000 -0.019564 0.979005 -0.202893 11.597900 -0.006053 0.202813 0.979199 0.000000 0.000000 0.000000 0.000000 1.000000
0.999480 0.029409 -0.013189 0.000000 -0.031378 0.981378 -0.189508 11.597900 0.007370 0.189823 0.981791 -0.000000 0.000000 0.000000 0.000000 1.000000
0.999590 0.020298 -0.020191 0.000000 -0.023270 0.986858 -0.159906 11.597900 0.016680 0.160311 0.986926 0.000000 0.000000 0.000000 0.000000 1.000000
0.999957 0.008227 -0.004209 0.000000 -0.008722 0.990743 -0.135470 11.597900 0.003055 0.135501 0.990773 0.000000 0.000000 0.000000 0.000000 1.000000
1.000000 -0.000765 0.000431 -0.000000 0.000808 0.993905 -0.110240 11.597900 -0.000344 0.110241 0.993905 0.000000 0.000000 0.000000 0.000000 1.000000
0.999598 -0.014524 -0.024350 0.000000 0.012169 0.995474 -0.094249 11.597900 0.025608 0.093914 0.995251 0.000000 0.000000 0.000000 0.000000 1.000000
0.998583 -0.024368 -0.047304 0.000000 0.020301 0.996206 -0.084626 11.597900 0.049187 0.083546 0.995289 0.000000 0.000000 0.000000 0.000000 1.000000
0.997578 -0.029861 -0.062817 0.000000 0.024942 0.996666 -0.077684 11.597900 0.064928 0.075929 0.994997 0.000000 0.000000 0.000000 0.000000 1.000000
0.996696 -0.038916 -0.071287 0.000000 0.033986 0.997030 -0.069113 11.597900 0.073765 0.066461 0.995059 0.000000 0.000000 0.000000 0.000000 1.000000
0.995703 -0.048340 -0.078980 0.000000 0.043601 0.997205 -0.060667 11.597900 0.081692 0.056962 0.995029 0.000000 0.000000 0.000000 0.000000 1.000000
0.994694 -0.055773 -0.086448 -0.000000 0.051258 0.997246 -0.053593 11.597900 0.089199 0.048878 0.994814 0.000000 0.000000 0.000000 0.000000 1.000000
0.994462 -0.059598 -0.086561 0.000000 0.055292 0.997151 -0.051317 11.597900 0.089372 0.046247 0.994924 0.000000 0.000000 0.000000 0.000000 1.000000
0.994424 -0.062579 -0.084885 0.000000 0.058324 0.996957 -0.051725 11.597900 0.087864 0.046486 0.995047 -0.000000 0.000000 0.000000 0.000000 1.000000
0.994431 -0.065324 -0.082704 0.000000 0.061130 0.996760 -0.052275 11.597900 0.085851 0.046928 0.995202 -0.000000 0.000000 0.000000 0.000000 1.000000
0.994665 -0.067662 -0.077864 0.000000 0.063601 0.996540 -0.053503 11.597900 0.081215 0.048265 0.995527 0.000000 0.000000 0.000000 0.000000 1.000000
0.994932 -0.068963 -0.073170 -0.000000 0.065092 0.996416 -0.054029 11.597900 0.076633 0.048992 0.995855 0.000000 0.000000 0.000000 0.000000 1.000000
0.995233 -0.067563 -0.070332 0.000000 0.063844 0.996506 -0.053850 11.597900 0.073725 0.049103 0.996069 0.000000 0.000000 0.000000 0.000000 1.000000
0.995542 -0.066012 -0.067371 0.000000 0.062149 0.996385 -0.057915 11.597900 0.070950 0.053470 0.996046 0.000000 0.000000 0.000000 0.000000 1.000000
0.996454 -0.061586 -0.057337 0.000000 0.057962 0.996338 -0.062858 11.597900 0.060998 0.059312 0.996374 0.000000 0.000000 0.000000 0.000000 1.000000
0.997246 -0.057525 -0.046810 0.000000 0.054219 0.996137 -0.069070 11.597900 0.050603 0.066342 0.996513 0.000000 0.000000 0.000000 0.000000 1.000000
0.997951 -0.051689 -0.037716 -0.000000 0.048764 0.996011 -0.074726 11.597900 0.041428 0.072733 0.996491 0.000000 0.000000 0.000000 0.000000 1.000000
0.998399 -0.044362 -0.035089 0.000000 0.041466 0.995984 -0.079352 11.597900 0.038469 0.077770 0.996229 0.000000 0.000000 0.000000 0.000000 1.000000
0.998713 -0.038451 -0.033072 -0.000000 0.035625 0.995983 -0.082154 11.597900 0.036098 0.080870 0.996071 -0.000000 0.000000 0.000000 0.000000 1.000000
0.999183 -0.030454 -0.026558 0.000000 0.028253 0.996423 -0.079647 11.597900 0.028888 0.078831 0.996469 0.000000 0.000000 0.000000 0.000000 1.000000
0.999458 -0.024126 -0.022397 0.000000 0.022314 0.996712 -0.077887 11.597900 0.024203 0.077345 0.996711 0.000000 0.000000 0.000000 0.000000 1.000000</float_array>
        <technique_common>
          <accessor source="#mixamorig_Spine1-Matrix-animation-output-transform-array" count="49" stride="16">
            <param type="float4x4"/>
          </accessor>
        </technique_common>
      </source>
      <source id="mixamorig_Spine1-Interpolations">
        <Name_array id="mixamorig_Spine1-Interpolations-array" count="49">
 LINEAR LINEAR LINEAR LINEAR LINEAR LINEAR LINEAR LINEAR LINEAR LINEAR LINEAR
LINEAR LINEAR LINEAR LINEAR LINEAR LINEAR LINEAR LINEAR LINEAR LINEAR LINEAR LINEAR
LINEAR LINEAR LINEAR LINEAR LINEAR LINEAR LINEAR LINEAR LINEAR LINEAR LINEAR LINEAR
LINEAR LINEAR LINEAR LINEAR LINEAR LINEAR LINEAR LINEAR LINEAR LINEAR LINEAR LINEAR
LINEAR LINEAR</Name_array>
        <technique_common>
          <accessor source="#mixamorig_Spine1-Interpolations-array" count="49">
            <param type="name"/>
          </accessor>
        </technique_common>
      </source>
      <sampler id="mixamorig_Spine1-Matrix-animation-transform">
        <input semantic="INPUT" source="#mixamorig_Spine1-Matrix-animation-input"/>
        <input semantic="OUTPUT" source="#mixamorig_Spine1-Matrix-animation-output-transform"/>
        <input semantic="INTERPOLATION" source="#mixamorig_Spine1-Interpolations"/>
      </sampler>
      <channel source="#mixamorig_Spine1-Matrix-animation-transform" target="mixamorig_Spine1/matrix"/>
    </animation>
    <animation id="mixamorig_Spine2-anim" name="mixamorig_Spine2">
      <source id="mixamorig_Spine2-Matrix-animation-input">
        <float_array id="mixamorig_Spine2-Matrix-animation-input-array" count="49">

0.000000 0.033333 0.066667 0.100000 0.133333 0.166667 0.200000 0.233333 0.266667 0.300000 0.333333 0.366667 0.400000 0.433333 0.466667 0.500000
0.533333 0.566667 0.600000 0.633333 0.666667 0.700000 0.733333 0.766667 0.800000 0.833333 0.866667 0.900000 0.933333 0.966667 1.000000 1.033333
1.066667 1.100000 1.133333 1.166667 1.200000 1.233333 1.266667 1.300000 1.333333 1.366667 1.400000 1.433333 1.466667 1.500000 1.533333 1.566667
1.600000</float_array>
        <technique_common>
          <accessor source="#mixamorig_Spine2-Matrix-animation-input-array" count="49">
            <param name="TIME" type="float"/>
          </accessor>
        </technique_common>
      </source>
      <source id="mixamorig_Spine2-Matrix-animation-output-transform">
        <float_array id="mixamorig_Spine2-Matrix-animation-output-transform-array" count="784">

0.999484 -0.026289 -0.018446 0.000000 0.021928 0.978288 -0.206087 13.290100 0.023463 0.205576 0.978360 0.000000 0.000000 0.000000 0.000000 1.000000
0.999654 -0.023181 -0.012394 0.000000 0.020209 0.979260 -0.201599 13.290100 0.016810 0.201279 0.979390 -0.000000 0.000000 0.000000 0.000000 1.000000
0.999773 -0.021185 -0.002137 0.000000 0.020369 0.980837 -0.193763 13.290100 0.006201 0.193675 0.981046 0.000000 0.000000 0.000000 0.000000 1.000000
0.999593 -0.028491 -0.001462 0.000000 0.027764 0.983326 -0.179721 13.290100 0.006558 0.179607 0.983717 0.000000 0.000000 0.000000 0.000000 1.000000
0.999272 -0.037941 -0.004003 0.000000 0.036859 0.987178 -0.155308 13.290100 0.009844 0.155048 0.987858 0.000000 0.000000 0.000000 0.000000 1.000000
0.998099 -0.054462 -0.028849 -0.000000 0.050145 0.989763 -0.133621 13.290100 0.035830 0.131920 0.990613 -0.000000 0.000000 0.000000 0.000000 1.000000
0.993925 -0.082473 -0.072874 0.000000 0.074591 0.991676 -0.104953 13.290100 0.080923 0.098880 0.991804 0.000000 0.000000 0.000000 0.000000 1.000000
0.988458 -0.103468 -0.110656 0.000000 0.094655 0.992116 -0.082142 13.290100 0.118283 0.070719 0.990458 0.000000 0.000000 0.000000 0.000000 1.000000
0.984668 -0.113702 -0.132289 -0.000000 0.104320 0.991648 -0.075836 13.290100 0.139807 0.060873 0.988306 0.000000 0.000000 0.000000 0.000000 1.000000
0.979703 -0.127936 -0.154318 0.000000 0.116558 0.989901 -0.080685 13.290100 0.163082 0.061061 0.984721 0.000000 0.000000 0.000000 0.000000 1.000000
0.975582 -0.134046 -0.173988 -0.000000 0.120797 0.989059 -0.084673 13.290100 0.183435 0.061588 0.981101 -0.000000 0.000000 0.000000 0.000000 1.000000
0.973078 -0.137811 -0.184734 0.000000 0.123239 0.988448 -0.088220 13.290100 0.194758 0.063079 0.978821 -0.000000 0.000000 0.000000 0.000000 1.000000
0.972593 -0.141864 -0.184223 0.000000 0.127322 0.987899 -0.088566 13.290100 0.194558 0.062683 0.978886 -0.000000 0.000000 0.000000 0.000000 1.000000
0.973083 -0.140815 -0.182427 0.000000 0.127765 0.988452 -0.081473 13.290100 0.191793 0.055972 0.979838 -0.000000 0.000000 0.000000 0.000000 1.000000
0.975905 -0.125448 -0.178530 0.000000 0.114880 0.991022 -0.068390 13.290100 0.185507 0.046232 0.981555 0.000000 0.000000 0.000000 0.000000 1.000000
0.986573 -0.089273 -0.136764 0.000000 0.081290 0.994704 -0.062895 13.290100 0.141655 0.050933 0.988605 0.000000 0.000000 0.000000 0.000000 1.000000
0.997240 -0.046242 -0.058078 -0.000000 0.041426 0.995807 -0.081565 13.290100 0.061606 0.078934 0.994974 0.000000 0.000000 0.000000 0.000000 1.000000
0.998429 -0.047409 0.029866 -0.000000 0.050490 0.992351 -0.112649 13.290100 -0.024297 0.113980 0.993186 0.000000 0.000000 0.000000 0.000000 1.000000
0.992726 -0.076648 0.092845 0.000000 0.087000 0.989764 -0.113132 13.290100 -0.083223 0.120387 0.989233 0.000000 0.000000 0.000000 0.000000 1.000000
0.990144 -0.058359 0.127317 0.000000 0.075257 0.988357 -0.132237 13.290100 -0.118117 0.140516 0.983008 -0.000000 0.000000 0.000000 0.000000 1.000000
0.984056 -0.056536 0.168634 0.000000 0.084604 0.982791 -0.164210 13.290100 -0.156449 0.175858 0.971904 0.000000 0.000000 0.000000 0.000000 1.000000
0.981657 -0.056762 0.182009 0.000000 0.095591 0.972524 -0.212271 13.290100 -0.164959 0.225776 0.960111 0.000000 0.000000 0.000000 0.000000 1.000000
0.991931 -0.033991 0.122139 -0.000000 0.065583 0.962047 -0.264887 13.290100 -0.108499 0.270759 0.956513 0.000000 0.000000 0.000000 0.000000 1.000000
0.998514 -0.006113 0.054150 0.000000 0.022424 0.951751 -0.306051 13.290100 -0.049667 0.306811 0.950474 0.000000 0.000000 0.000000 0.000000 1.000000
0.999822 0.018777 -0.001849 0.000000 -0.018344 0.944441 -0.328167 13.290100 -0.004416 0.328143 0.944618 0.000000 0.000000 0.000000 0.000000 1.000000
0.999522 0.026727 -0.015563 0.000000 -0.030271 0.948557 -0.315156 13.290100 0.006339 0.315476 0.948912 -0.000000 0.000000 0.000000 0.000000 1.000000
0.999654 0.017444 -0.019666 0.000000 -0.022349 0.957851 -0.286394 13.290100 0.013841 0.286735 0.957910 -0.000000 0.000000 0.000000 0.000000 1.000000
0.999977 0.006703 0.000410 0.000000 -0.006362 0.965082 -0.261872 13.290100 -0.002151 0.261864 0.965102 -0.000000 0.000000 0.000000 0.000000 1.000000
0.999973 -0.001621 0.007114 0.000000 0.003258 0.971605 -0.236587 13.290100 -0.006528 0.236604 0.971584 -0.000000 0.000000 0.000000 0.000000 1.000000
0.999708 -0.016902 -0.017249 -0.000000 0.012656 0.974999 -0.221849 13.290100 0.020567 0.221566 0.974928 0.000000 0.000000 0.000000 0.000000 1.000000
0.998799 -0.028160 -0.040095 -0.000000 0.018979 0.976809 -0.213269 13.290100 0.045171 0.212252 0.976170 0.000000 0.000000 0.000000 0.000000 1.000000
0.997850 -0.034689 -0.055605 0.000000 0.022465 0.978077 -0.207027 13.290100 0.061567 0.205333 0.976754 0.000000 0.000000 0.000000 0.000000 1.000000
0.997016 -0.044352 -0.063182 -0.000000 0.030962 0.979508 -0.199013 13.290100 0.070714 0.196463 0.977958 0.000000 0.000000 0.000000 0.000000 1.000000
0.996018 -0.054453 -0.070586 -0.000000 0.040080 0.980763 -0.191042 13.290100 0.079631 0.187452 0.979041 0.000000 0.000000 0.000000 0.000000 1.000000
0.994950 -0.062587 -0.078472 0.000000 0.047224 0.981743 -0.184255 13.290100 0.088572 0.179618 0.979741 -0.000000 0.000000 0.000000 0.000000 1.000000
0.994659 -0.066455 -0.078978 0.000000 0.051167 0.981987 -0.181887 13.290100 0.089643 0.176875 0.980143 -0.000000 0.000000 0.000000 0.000000 1.000000
0.994606 -0.069313 -0.077168 0.000000 0.054281 0.981760 -0.182210 13.290100 0.088390 0.177038 0.980227 0.000000 0.000000 0.000000 0.000000 1.000000
0.994603 -0.071906 -0.074790 -0.000000 0.057223 0.981507 -0.182672 13.290100 0.086542 0.177406 0.980325 0.000000 0.000000 0.000000 0.000000 1.000000
0.994827 -0.073874 -0.069734 -0.000000 0.059980 0.981147 -0.183718 13.290100 0.081991 0.178585 0.980502 0.000000 0.000000 0.000000 0.000000 1.000000
0.995056 -0.074884 -0.065231 0.000000 0.061760 0.980978 -0.184034 13.290100 0.077771 0.179095 0.980753 0.000000 0.000000 0.000000 0.000000 1.000000
0.995306 -0.073368 -0.063105 -0.000000 0.060675 0.981109 -0.183692 13.290100 0.075390 0.179001 0.980956 0.000000 0.000000 0.000000 0.000000 1.000000
0.995594 -0.071627 -0.060514 0.000000 0.059138 0.980470 -0.187567 13.290100 0.072767 0.183162 0.980386 0.000000 0.000000 0.000000 0.000000 1.000000
0.996480 -0.066507 -0.051032 0.000000 0.055553 0.979792 -0.192151 13.290100 0.062781 0.188640 0.980038 0.000000 0.000000 0.000000 0.000000 1.000000
0.997269 -0.061666 -0.040648 0.000000 0.052453 0.978798 -0.197999 13.290100 0.051996 0.195326 0.979359 0.000000 0.000000 0.000000 0.000000 1.000000
0.997973 -0.055141 -0.031760 -0.000000 0.047564 0.977955 -0.203328 13.290100 0.042272 0.201405 0.978596 0.000000 0.000000 0.000000 0.000000 1.000000
0.998424 -0.047606 -0.029706 0.000000 0.040417 0.977333 -0.207816 13.290100 0.038926 0.206288 0.977717 0.000000 0.000000 0.000000 0.000000 1.000000
0.998743 -0.041513 -0.028089 0.000000 0.034687 0.976975 -0.210516 13.290100 0.036182 0.209277 0.977187 0.000000 0.000000 0.000000 0.000000 1.000000
0.999211 -0.032981 -0.022118 0.000000 0.027671 0.977758 -0.207904 13.290100 0.028482 0.207128 0.977899 -0.000000 0.000000 0.000000 0.000000 1.000000
0.999484 -0.026289 -0.018446 -0.000000 0.021928 0.978288 -0.206087 13.290100 0.023463 0.205576 0.978360 0.000000 0.000000 0.000000 0.000000 1.000000</float_array>
        <technique_common>
          <accessor source="#mixamorig_Spine2-Matrix-animation-output-transform-array" count="49" stride="16">
            <param type="float4x4"/>
          </accessor>
        </technique_common>
      </source>
      <source id="mixamorig_Spine2-Interpolations">
        <Name_array id="mixamorig_Spine2-Interpolations-array" count="49">
 LINEAR LINEAR LINEAR LINEAR LINEAR LINEAR LINEAR LINEAR LINEAR LINEAR LINEAR
LINEAR LINEAR LINEAR LINEAR LINEAR LINEAR LINEAR LINEAR LINEAR LINEAR LINEAR LINEAR
LINEAR LINEAR LINEAR LINEAR LINEAR LINEAR LINEAR LINEAR LINEAR LINEAR LINEAR LINEAR
LINEAR LINEAR LINEAR LINEAR LINEAR LINEAR LINEAR LINEAR LINEAR LINEAR LINEAR LINEAR
LINEAR LINEAR</Name_array>
        <technique_common>
          <accessor source="#mixamorig_Spine2-Interpolations-array" count="49">
            <param type="name"/>
          </accessor>
        </technique_common>
      </source>
      <sampler id="mixamorig_Spine2-Matrix-animation-transform">
        <input semantic="INPUT" source="#mixamorig_Spine2-Matrix-animation-input"/>
        <input semantic="OUTPUT" source="#mixamorig_Spine2-Matrix-animation-output-transform"/>
        <input semantic="INTERPOLATION" source="#mixamorig_Spine2-Interpolations"/>
      </sampler>
      <channel source="#mixamorig_Spine2-Matrix-animation-transform" target="mixamorig_Spine2/matrix"/>
    </animation>
    <animation id="mixamorig_Neck-anim" name="mixamorig_Neck">
      <source id="mixamorig_Neck-Matrix-animation-input">
        <float_array id="mixamorig_Neck-Matrix-animation-input-array" count="49">

0.000000 0.033333 0.066667 0.100000 0.133333 0.166667 0.200000 0.233333 0.266667 0.300000 0.333333 0.366667 0.400000 0.433333 0.466667 0.500000
