<?xml version="1.0" encoding="utf-8"?>
<COLLADA xmlns="http://www.collada.org/2005/11/COLLADASchema" version="1.4.1">
  <asset>
    <contributor>
      <author>Mixamo</author>
      <authoring_tool>COLLADA Mixamo exporter</authoring_tool>
      <comments/>
    </contributor>
    <created>2023-02-11T02:01:12Z</created>
    <modified>2023-02-11T02:01:12Z</modified>
    <revision/>
    <title/>
    <unit meter="0.010000"/>
    <up_axis>Y_UP</up_axis>
  </asset>
  <library_animations>
    <animation id="mixamorig_Hips-anim" name="mixamorig_Hips">
      <source id="mixamorig_Hips-Matrix-animation-input">
        <float_array id="mixamorig_Hips-Matrix-animation-input-array" count="31">

0.000000 0.033333 0.066667 0.100000 0.133333 0.166667 0.200000 0.233333 0.266667 0.300000 0.333333 0.366667 0.400000 0.433333 0.466667 0.500000
0.533333 0.566667 0.600000 0.633333 0.666667 0.700000 0.733333 0.766667 0.800000 0.833333 0.866667 0.900000 0.933333 0.966667 1.000000</float_array>
        <technique_common>
          <accessor source="#mixamorig_Hips-Matrix-animation-input-array" count="31">
            <param name="TIME" type="float"/>
          </accessor>
        </technique_common>
      </source>
      <source id="mixamorig_Hips-Matrix-animation-output-transform">
        <float_array id="mixamorig_Hips-Matrix-animation-output-transform-array" count="496">

0.999236 -0.018014 -0.034690 0.393504 0.019656 0.998673 0.047592 94.879860 0.033786 -0.048237 0.998264 0.097988 0.000000 0.000000 0.000000 1.000000
0.996377 -0.044192 -0.072663 0.224750 0.046415 0.998496 0.029195 96.133896 0.071264 -0.032462 0.996929 -0.344908 0.000000 0.000000 0.000000 1.000000
0.991963 -0.069103 -0.105993 0.293921 0.070087 0.997525 0.005583 97.630234 0.105345 -0.012967 0.994351 -0.871702 0.000000 0.000000 0.000000 1.000000
0.987364 -0.088070 -0.131740 0.537283 0.085589 0.996032 -0.024389 99.368309 0.133365 0.012805 0.990984 -1.216480 0.000000 0.000000 0.000000 1.000000
0.984370 -0.097162 -0.146884 0.888197 0.089200 0.994213 -0.059874 101.087524 0.151852 0.045836 0.987340 -1.251150 0.000000 0.000000 0.000000 1.000000
0.983019 -0.100101 -0.153796 1.365810 0.085243 0.991293 -0.100354 102.682999 0.162503 0.085540 0.982993 -0.864320 0.000000 0.000000 0.000000 1.000000
0.982712 -0.098677 -0.156652 1.998721 0.079009 0.988729 -0.127170 103.830215 0.167435 0.112594 0.979432 0.109949 0.000000 0.000000 0.000000 1.000000
0.982103 -0.096833 -0.161549 2.692080 0.074673 0.987611 -0.138014 104.143745 0.172912 0.123480 0.977166 1.327189 0.000000 0.000000 0.000000 1.000000
0.980354 -0.097315 -0.171570 3.360884 0.074533 0.988097 -0.134568 103.629791 0.182623 0.119136 0.975938 2.377397 0.000000 0.000000 0.000000 1.000000
0.977946 -0.097176 -0.184873 4.128225 0.075638 0.989865 -0.120196 102.117874 0.194679 0.103562 0.975384 3.030134 0.000000 0.000000 0.000000 1.000000
0.976433 -0.095670 -0.193456 5.012374 0.077731 0.992117 -0.098298 100.432465 0.201335 0.080944 0.976172 2.989075 0.000000 0.000000 0.000000 1.000000
0.977848 -0.094646 -0.186697 6.045908 0.081557 0.993721 -0.076598 98.867729 0.192775 0.059674 0.979427 2.931478 0.000000 0.000000 0.000000 1.000000
0.983748 -0.096315 -0.151534 6.834849 0.085961 0.993586 -0.073475 97.371414 0.157639 0.059255 0.985717 1.956371 0.000000 0.000000 0.000000 1.000000
0.991037 -0.097034 -0.091819 7.821031 0.091153 0.993633 -0.066217 95.790337 0.097660 0.057254 0.993572 1.149869 0.000000 0.000000 0.000000 1.000000
0.995687 -0.091434 -0.015697 8.513332 0.090564 0.994673 -0.049231 94.855232 0.020114 0.047597 0.998664 0.395942 0.000000 0.000000 0.000000 1.000000
0.995182 -0.079927 0.056784 8.884482 0.081901 0.996083 -0.033332 94.851433 -0.053898 0.037822 0.997830 -0.520103 0.000000 0.000000 0.000000 1.000000
0.991714 -0.063716 0.111549 9.165939 0.065983 0.997680 -0.016753 95.503990 -0.110223 0.023975 0.993618 -1.183371 0.000000 0.000000 0.000000 1.000000
0.988998 -0.045189 0.140859 9.355842 0.045908 0.998944 -0.001861 96.671677 -0.140626 0.008307 0.990028 -1.725936 0.000000 0.000000 0.000000 1.000000
0.988932 -0.026907 0.145906 9.252493 0.026371 0.999637 0.005604 98.401321 -0.146004 -0.001694 0.989283 -2.027357 0.000000 0.000000 0.000000 1.000000
0.990460 -0.010129 0.137426 9.070687 0.009160 0.999929 0.007681 100.167145 -0.137494 -0.006349 0.990482 -2.119997 0.000000 0.000000 0.000000 1.000000
0.991750 0.001782 0.128175 8.753492 -0.003458 0.999911 0.012859 101.563263 -0.128141 -0.013196 0.991668 -1.843901 0.000000 0.000000 0.000000 1.000000
0.992051 0.008208 0.125568 8.123657 -0.010767 0.999748 0.019718 102.316177 -0.125374 -0.020913 0.991889 -1.020234 0.000000 0.000000 0.000000 1.000000
0.991507 0.012007 0.129500 7.287331 -0.015297 0.999584 0.024445 102.432358 -0.129153 -0.026218 0.991278 0.069191 0.000000 0.000000 0.000000 1.000000
0.990725 0.016799 0.134837 6.152812 -0.021221 0.999281 0.031423 101.524986 -0.134212 -0.033993 0.990369 1.315189 0.000000 0.000000 0.000000 1.000000
0.990650 0.021268 0.134757 4.985343 -0.027684 0.998561 0.045919 99.510414 -0.133587 -0.049221 0.989814 2.133687 0.000000 0.000000 0.000000 1.000000
0.991847 0.023986 0.125158 3.711938 -0.031280 0.997904 0.056643 97.319733 -0.123537 -0.060096 0.990519 2.239818 0.000000 0.000000 0.000000 1.000000
0.994085 0.028534 0.104793 2.467846 -0.034940 0.997598 0.059813 95.337646 -0.102835 -0.063121 0.992694 2.083911 0.000000 0.000000 0.000000 1.000000
0.996645 0.030694 0.075866 1.526871 -0.035223 0.997630 0.059102 94.323425 -0.073872 -0.061576 0.995365 1.636838 0.000000 0.000000 0.000000 1.000000
0.998875 0.024096 0.040836 0.817876 -0.026567 0.997779 0.061091 93.923286 -0.039274 -0.062107 0.997296 1.285801 0.000000 0.000000 0.000000 1.000000
0.999967 0.007372 0.003388 0.440282 -0.007556 0.998293 0.057909 94.158455 -0.002955 -0.057933 0.998316 0.745550 0.000000 0.000000 0.000000 1.000000
0.999249 -0.017288 -0.034676 0.383803 0.018945 0.998666 0.048033 94.879440 0.033799 -0.048654 0.998244 0.105786 0.000000 0.000000 0.000000 1.000000</float_array>
        <technique_common>
          <accessor source="#mixamorig_Hips-Matrix-animation-output-transform-array" count="31" stride="16">
            <param type="float4x4"/>
          </accessor>
        </technique_common>
      </source>
      <source id="mixamorig_Hips-Interpolations">
        <Name_array id="mixamorig_Hips-Interpolations-array" count="31">
 LINEAR LINEAR LINEAR LINEAR LINEAR LINEAR LINEAR LINEAR LINEAR LINEAR LINEAR
LINEAR LINEAR LINEAR LINEAR LINEAR LINEAR LINEAR LINEAR LINEAR LINEAR LINEAR LINEAR
LINEAR LINEAR LINEAR LINEAR LINEAR LINEAR LINEAR LINEAR</Name_array>
        <technique_common>
          <accessor source="#mixamorig_Hips-Interpolations-array" count="31">
            <param type="name"/>
          </accessor>
        </technique_common>
      </source>
      <sampler id="mixamorig_Hips-Matrix-animation-transform">
        <input semantic="INPUT" source="#mixamorig_Hips-Matrix-animation-input"/>
        <input semantic="OUTPUT" source="#mixamorig_Hips-Matrix-animation-output-transform"/>
        <input semantic="INTERPOLATION" source="#mixamorig_Hips-Interpolations"/>
      </sampler>
      <channel source="#mixamorig_Hips-Matrix-animation-transform" target="mixamorig_Hips/matrix"/>
    </animation>
    <animation id="mixamorig_Spine-anim" name="mixamorig_Spine">
      <source id="mixamorig_Spine-Matrix-animation-input">
        <float_array id="mixamorig_Spine-Matrix-animation-input-array" count="31">

0.000000 0.033333 0.066667 0.100000 0.133333 0.166667 0.200000 0.233333 0.266667 0.300000 0.333333 0.366667 0.400000 0.433333 0.466667 0.500000
0.533333 0.566667 0.600000 0.633333 0.666667 0.700000 0.733333 0.766667 0.800000 0.833333 0.866667 0.900000 0.933333 0.966667 1.000000</float_array>
        <technique_common>
          <accessor source="#mixamorig_Spine-Matrix-animation-input-array" count="31">
            <param name="TIME" type="float"/>
          </accessor>
        </technique_common>
      </source>
      <source id="mixamorig_Spine-Matrix-animation-output-transform">
        <float_array id="mixamorig_Spine-Matrix-animation-output-transform-array" count="496">

0.985773 -0.163474 0.039087 -0.000900 0.151314 0.761860 -0.629820 9.938600 0.073180 0.626774 0.775757 0.799700 0.000000 0.000000 0.000000 1.000000
0.990781 -0.116618 0.068944 -0.000900 0.134278 0.777890 -0.613887 9.938600 0.017959 0.617485 0.786378 0.799700 0.000000 0.000000 0.000000 1.000000
0.992993 -0.067982 0.096657 -0.000900 0.112259 0.798131 -0.591933 9.938600 -0.036904 0.598636 0.800170 0.799700 0.000000 0.000000 0.000000 1.000000
0.992252 -0.022059 0.122269 -0.000900 0.087524 0.822578 -0.561876 9.938600 -0.088182 0.568224 0.818135 0.799700 0.000000 0.000000 0.000000 1.000000
0.989170 0.016926 0.145794 -0.000900 0.062542 0.850026 -0.523014 9.938600 -0.132782 0.526469 0.839762 0.799700 0.000000 0.000000 0.000000 1.000000
0.984303 0.053716 0.168111 -0.000900 0.033032 0.879650 -0.474474 9.938600 -0.173365 0.472579 0.864068 0.799700 0.000000 0.000000 0.000000 1.000000
0.977749 0.093124 0.187977 -0.000900 -0.002632 0.901444 -0.432887 9.938600 -0.209763 0.422760 0.881631 0.799700 0.000000 0.000000 0.000000 1.000000
0.969272 0.137527 0.203956 -0.000900 -0.044633 0.913680 -0.403977 9.938600 -0.241908 0.382460 0.891743 0.799700 0.000000 0.000000 0.000000 1.000000
0.958812 0.185678 0.214949 -0.000900 -0.089887 0.916209 -0.390490 9.938600 -0.269444 0.355085 0.895162 0.799700 0.000000 0.000000 0.000000 1.000000
0.948098 0.228306 0.221329 -0.000900 -0.127380 0.910455 -0.393505 9.938600 -0.291349 0.344889 0.892282 0.799700 0.000000 0.000000 0.000000 1.000000
0.939632 0.260297 0.222121 -0.000900 -0.151486 0.898472 -0.412068 9.938600 -0.306829 0.353544 0.883664 0.799700 0.000000 0.000000 0.000000 1.000000
0.936483 0.279926 0.211283 -0.000900 -0.164468 0.882616 -0.440385 9.938600 -0.309757 0.377664 0.872594 0.799700 0.000000 0.000000 0.000000 1.000000
0.942359 0.281085 0.181520 -0.000900 -0.171514 0.871590 -0.459253 9.938600 -0.287301 0.401648 0.869561 0.799700 0.000000 0.000000 0.000000 1.000000
0.955001 0.264605 0.134005 -0.000900 -0.170604 0.859631 -0.481590 9.938600 -0.242626 0.437057 0.866091 0.799700 0.000000 0.000000 0.000000 1.000000
0.971536 0.223764 0.077767 -0.000900 -0.154959 0.848597 -0.505837 9.938600 -0.179181 0.479388 0.859117 0.799700 0.000000 0.000000 0.000000 1.000000
0.985587 0.167237 0.025493 -0.000900 -0.129454 0.842605 -0.522742 9.938600 -0.108902 0.511907 0.852110 0.799700 0.000000 0.000000 0.000000 1.000000
0.994246 0.105818 -0.016683 -0.000900 -0.098172 0.837706 -0.537225 9.938600 -0.042872 0.535771 0.843274 0.799700 0.000000 0.000000 0.000000 1.000000
0.997691 0.048536 -0.047504 -0.000900 -0.066666 0.833389 -0.548651 9.938600 0.012960 0.550551 0.834701 0.799700 0.000000 0.000000 0.000000 1.000000
0.997468 0.001107 -0.071109 -0.000900 -0.040200 0.833588 -0.550921 9.938600 0.058666 0.552385 0.831522 0.799700 0.000000 0.000000 0.000000 1.000000
0.994925 -0.040606 -0.092060 -0.000900 -0.016159 0.838590 -0.544524 9.938600 0.099312 0.543248 0.833678 0.799700 0.000000 0.000000 0.000000 1.000000
0.990297 -0.081530 -0.112539 -0.000900 0.008771 0.844874 -0.534893 9.938600 0.138691 0.528716 0.837391 0.799700 0.000000 0.000000 0.000000 1.000000
0.983705 -0.122138 -0.131933 -0.000900 0.035623 0.851684 -0.522844 9.938600 0.176224 0.509624 0.842157 0.799700 0.000000 0.000000 0.000000 1.000000
0.975872 -0.162015 -0.146370 -0.000900 0.065983 0.857858 -0.509634 9.938600 0.208133 0.487679 0.847850 0.799700 0.000000 0.000000 0.000000 1.000000
0.968229 -0.198911 -0.151547 -0.000900 0.096929 0.857181 -0.505811 9.938600 0.230515 0.475052 0.849228 0.799700 0.000000 0.000000 0.000000 1.000000
0.962806 -0.227000 -0.146546 -0.000900 0.120565 0.846322 -0.518847 9.938600 0.241803 0.481881 0.842212 0.799700 0.000000 0.000000 0.000000 1.000000
0.961692 -0.240293 -0.131936 -0.000900 0.133767 0.831445 -0.539264 9.938600 0.239279 0.500957 0.831737 0.799700 0.000000 0.000000 0.000000 1.000000
0.964110 -0.243742 -0.105271 -0.000900 0.144470 0.814268 -0.562224 9.938600 0.222756 0.526838 0.820257 0.799700 0.000000 0.000000 0.000000 1.000000
0.968839 -0.237751 -0.069468 -0.000900 0.153404 0.796149 -0.585333 9.938600 0.194470 0.556437 0.807812 0.799700 0.000000 0.000000 0.000000 1.000000
0.974777 -0.221251 -0.029277 -0.000900 0.158016 0.776840 -0.609549 9.938600 0.157607 0.589549 0.792207 0.799700 0.000000 0.000000 0.000000 1.000000
0.980733 -0.195203 0.007672 -0.000900 0.157046 0.764450 -0.625262 9.938600 0.116189 0.614420 0.780377 0.799700 0.000000 0.000000 0.000000 1.000000
0.985772 -0.163480 0.039089 -0.000900 0.151321 0.761861 -0.629818 9.938600 0.073183 0.626772 0.775759 0.799700 0.000000 0.000000 0.000000 1.000000</float_array>
        <technique_common>
          <accessor source="#mixamorig_Spine-Matrix-animation-output-transform-array" count="31" stride="16">
            <param type="float4x4"/>
          </accessor>
        </technique_common>
      </source>
      <source id="mixamorig_Spine-Interpolations">
        <Name_array id="mixamorig_Spine-Interpolations-array" count="31">
 LINEAR LINEAR LINEAR LINEAR LINEAR LINEAR LINEAR LINEAR LINEAR LINEAR LINEAR
LINEAR LINEAR LINEAR LINEAR LINEAR LINEAR LINEAR LINEAR LINEAR LINEAR LINEAR LINEAR
LINEAR LINEAR LINEAR LINEAR LINEAR LINEAR LINEAR LINEAR</Name_array>
        <technique_common>
          <accessor source="#mixamorig_Spine-Interpolations-array" count="31">
            <param type="name"/>
          </accessor>
        </technique_common>
      </source>
      <sampler id="mixamorig_Spine-Matrix-animation-transform">
        <input semantic="INPUT" source="#mixamorig_Spine-Matrix-animation-input"/>
        <input semantic="OUTPUT" source="#mixamorig_Spine-Matrix-animation-output-transform"/>
        <input semantic="INTERPOLATION" source="#mixamorig_Spine-Interpolations"/>
      </sampler>
      <channel source="#mixamorig_Spine-Matrix-animation-transform" target="mixamorig_Spine/matrix"/>
    </animation>
    <animation id="mixamorig_Spine1-anim" name="mixamorig_Spine1">
      <source id="mixamorig_Spine1-Matrix-animation-input">
        <float_array id="mixamorig_Spine1-Matrix-animation-input-array" count="31">

0.000000 0.033333 0.066667 0.100000 0.133333 0.166667 0.200000 0.233333 0.266667 0.300000 0.333333 0.366667 0.400000 0.433333 0.466667 0.500000
0.533333 0.566667 0.600000 0.633333 0.666667 0.700000 0.733333 0.766667 0.800000 0.833333 0.866667 0.900000 0.933333 0.966667 1.000000</float_array>
        <technique_common>
          <accessor source="#mixamorig_Spine1-Matrix-animation-input-array" count="31">
            <param name="TIME" type="float"/>
          </accessor>
        </technique_common>
      </source>
      <source id="mixamorig_Spine1-Matrix-animation-output-transform">
        <float_array id="mixamorig_Spine1-Matrix-animation-output-transform-array" count="496">

0.998975 -0.039077 -0.022836 0.000000 0.037308 0.996609 -0.073343 11.597900 0.025625 0.072415 0.997045 0.000000 0.000000 0.000000 0.000000 1.000000
0.999474 -0.030910 -0.009835 0.000000 0.030158 0.997150 -0.069151 11.597900 0.011944 0.068818 0.997558 0.000000 0.000000 0.000000 0.000000 1.000000
0.999774 -0.021082 0.002584 0.000000 0.021204 0.997743 -0.063708 11.597900 -0.001235 0.063748 0.997965 -0.000000 0.000000 0.000000 0.000000 1.000000
0.999844 -0.010242 0.014364 0.000000 0.011054 0.998275 -0.057664 11.597900 -0.013749 0.057814 0.998233 0.000000 0.000000 0.000000 0.000000 1.000000
0.999672 -0.000023 0.025600 -0.000000 0.001336 0.998685 -0.051254 11.597900 -0.025565 0.051271 0.998357 -0.000000 0.000000 0.000000 0.000000 1.000000
0.999290 0.009628 0.036431 -0.000000 -0.007978 0.998947 -0.045174 11.597900 -0.036827 0.044851 0.998315 0.000000 0.000000 0.000000 0.000000 1.000000
0.998749 0.018465 0.046480 -0.000000 -0.016525 0.998990 -0.041792 11.597900 -0.047205 0.040972 0.998045 0.000000 0.000000 0.000000 0.000000 1.000000
0.998140 0.026593 0.054850 0.000000 -0.024197 0.998743 -0.043905 11.597900 -0.055949 0.042496 0.997529 0.000000 0.000000 0.000000 0.000000 1.000000
0.997560 0.034247 0.060836 0.000000 -0.031087 0.998155 -0.052159 11.597900 -0.062510 0.050140 0.996784 0.000000 0.000000 0.000000 0.000000 1.000000
0.997180 0.040162 0.063392 0.000000 -0.035953 0.997158 -0.066201 11.597900 -0.065870 0.063735 0.995791 0.000000 0.000000 0.000000 0.000000 1.000000
0.997135 0.043268 0.062051 -0.000000 -0.038082 0.995868 -0.082447 11.597900 -0.065362 0.079847 0.994662 0.000000 0.000000 0.000000 0.000000 1.000000
0.997486 0.043316 0.056084 -0.000000 -0.037595 0.994344 -0.099331 11.597900 -0.060069 0.096973 0.993473 -0.000000 0.000000 0.000000 0.000000 1.000000
0.998236 0.039362 0.044458 -0.000000 -0.034025 0.992784 -0.114991 11.597900 -0.048664 0.113275 0.992371 0.000000 0.000000 0.000000 0.000000 1.000000
0.999068 0.032210 0.028734 0.000000 -0.028249 0.991246 -0.128971 11.597900 -0.032636 0.128039 0.991232 0.000000 0.000000 0.000000 0.000000 1.000000
0.999703 0.021934 0.010653 0.000000 -0.020216 0.989820 -0.140879 11.597900 -0.013635 0.140622 0.989969 0.000000 0.000000 0.000000 0.000000 1.000000
0.999926 0.009896 -0.007118 0.000000 -0.010853 0.988621 -0.150039 11.597900 0.005553 0.150105 0.988654 -0.000000 0.000000 0.000000 0.000000 1.000000
0.999722 -0.002157 -0.023497 0.000000 -0.001535 0.987758 -0.155986 11.597900 0.023545 0.155979 0.987480 -0.000000 0.000000 0.000000 0.000000 1.000000
0.999189 -0.011987 -0.038449 0.000000 0.005774 0.987453 -0.157809 11.597900 0.039858 0.157459 0.986721 0.000000 0.000000 0.000000 0.000000 1.000000
0.998463 -0.017743 -0.052509 0.000000 0.009379 0.987802 -0.155431 11.597900 0.054626 0.154700 0.986450 -0.000000 0.000000 0.000000 0.000000 1.000000
0.997595 -0.019812 -0.066424 0.000000 0.009667 0.988684 -0.149700 11.597900 0.068638 0.148698 0.986498 0.000000 0.000000 0.000000 0.000000 1.000000
0.996570 -0.019595 -0.080398 0.000000 0.008118 0.990024 -0.140666 11.597900 0.082352 0.139531 0.986787 0.000000 0.000000 0.000000 0.000000 1.000000
0.995472 -0.019523 -0.093034 0.000000 0.007365 0.991581 -0.129275 11.597900 0.094775 0.128004 0.987235 0.000000 0.000000 0.000000 0.000000 1.000000
0.994533 -0.021388 -0.102205 0.000000 0.009231 0.992974 -0.117970 11.597900 0.104010 0.116382 0.987743 0.000000 0.000000 0.000000 0.000000 1.000000
0.994092 -0.026029 -0.105374 -0.000000 0.014393 0.993859 -0.109714 11.597900 0.107582 0.107549 0.988362 0.000000 0.000000 0.000000 0.000000 1.000000
0.994185 -0.032230 -0.102747 0.000000 0.021370 0.994232 -0.105097 11.597900 0.105542 0.102290 0.989140 0.000000 0.000000 0.000000 0.000000 1.000000
0.994749 -0.038578 -0.094800 0.000000 0.028762 0.994285 -0.102814 11.597900 0.098225 0.099548 0.990173 -0.000000 0.000000 0.000000 0.000000 1.000000
0.995581 -0.044488 -0.082697 -0.000000 0.036023 0.994216 -0.101181 11.597900 0.086720 0.097755 0.991425 0.000000 0.000000 0.000000 0.000000 1.000000
0.996508 -0.048695 -0.067830 -0.000000 0.041908 0.994293 -0.098109 11.597900 0.072220 0.094923 0.992861 0.000000 0.000000 0.000000 0.000000 1.000000
0.997408 -0.050072 -0.051664 0.000000 0.045148 0.994694 -0.092447 11.597900 0.056018 0.089875 0.994376 0.000000 0.000000 0.000000 0.000000 1.000000
0.998218 -0.047463 -0.036155 0.000000 0.044283 0.995465 -0.084190 11.597900 0.039987 0.082439 0.995794 0.000000 0.000000 0.000000 0.000000 1.000000
0.998975 -0.039081 -0.022836 0.000000 0.037311 0.996609 -0.073341 11.597900 0.025625 0.072414 0.997045 -0.000000 0.000000 0.000000 0.000000 1.000000</float_array>
        <technique_common>
          <accessor source="#mixamorig_Spine1-Matrix-animation-output-transform-array" count="31" stride="16">
            <param type="float4x4"/>
          </accessor>
        </technique_common>
      </source>
      <source id="mixamorig_Spine1-Interpolations">
        <Name_array id="mixamorig_Spine1-Interpolations-array" count="31">
 LINEAR LINEAR LINEAR LINEAR LINEAR LINEAR LINEAR LINEAR LINEAR LINEAR LINEAR
LINEAR LINEAR LINEAR LINEAR LINEAR LINEAR LINEAR LINEAR LINEAR LINEAR LINEAR LINEAR
LINEAR LINEAR LINEAR LINEAR LINEAR LINEAR LINEAR LINEAR</Name_array>
        <technique_common>
          <accessor source="#mixamorig_Spine1-Interpolations-array" count="31">
            <param type="name"/>
          </accessor>
        </technique_common>
      </source>
      <sampler id="mixamorig_Spine1-Matrix-animation-transform">
        <input semantic="INPUT" source="#mixamorig_Spine1-Matrix-animation-input"/>
        <input semantic="OUTPUT" source="#mixamorig_Spine1-Matrix-animation-output-transform"/>
        <input semantic="INTERPOLATION" source="#mixamorig_Spine1-Interpolations"/>
      </sampler>
      <channel source="#mixamorig_Spine1-Matrix-animation-transform" target="mixamorig_Spine1/matrix"/>
    </animation>
    <animation id="mixamorig_Spine2-anim" name="mixamorig_Spine2">
      <source id="mixamorig_Spine2-Matrix-animation-input">
        <float_array id="mixamorig_Spine2-Matrix-animation-input-array" count="31">

0.000000 0.033333 0.066667 0.100000 0.133333 0.166667 0.200000 0.233333 0.266667 0.300000 0.333333 0.366667 0.400000 0.433333 0.466667 0.500000
0.533333 0.566667 0.600000 0.633333 0.666667 0.700000 0.733333 0.766667 0.800000 0.833333 0.866667 0.900000 0.933333 0.966667 1.000000</float_array>
        <technique_common>
          <accessor source="#mixamorig_Spine2-Matrix-animation-input-array" count="31">
            <param name="TIME" type="float"/>
          </accessor>
        </technique_common>
      </source>
      <source id="mixamorig_Spine2-Matrix-animation-output-transform">
        <float_array id="mixamorig_Spine2-Matrix-animation-output-transform-array" count="496">

0.999147 -0.037511 -0.017296 0.000000 0.033245 0.978770 -0.202246 13.290100 0.024515 0.201498 0.979182 0.000000 0.000000 0.000000 0.000000 1.000000
0.999569 -0.028859 -0.005312 0.000000 0.027237 0.979842 -0.197911 13.290100 0.010916 0.197681 0.980206 0.000000 0.000000 0.000000 0.000000 1.000000
0.999809 -0.018640 0.005804 0.000000 0.019408 0.981133 -0.192357 13.290100 -0.002109 0.192433 0.981308 0.000000 0.000000 0.000000 0.000000 1.000000
0.999842 -0.007536 0.016078 0.000000 0.010400 0.982451 -0.186233 13.290100 -0.014392 0.186371 0.982374 -0.000000 0.000000 0.000000 0.000000 1.000000
0.999660 0.002890 0.025927 0.000000 0.001819 0.983705 -0.179783 13.290100 -0.026024 0.179769 0.983365 0.000000 0.000000 0.000000 0.000000 1.000000
0.999289 0.012775 0.035460 0.000000 -0.006425 0.984773 -0.173727 13.290100 -0.037140 0.173375 0.984155 0.000000 0.000000 0.000000 0.000000 1.000000
0.998776 0.021875 0.044360 -0.000000 -0.014009 0.985269 -0.170436 13.290100 -0.047435 0.169606 0.984370 0.000000 0.000000 0.000000 0.000000 1.000000
0.998204 0.030213 0.051731 0.000000 -0.020858 0.984760 -0.172661 13.290100 -0.056160 0.171272 0.983622 0.000000 0.000000 0.000000 0.000000 1.000000
0.997660 0.038002 0.056833 -0.000000 -0.027138 0.983111 -0.180986 13.290100 -0.062751 0.179020 0.981842 0.000000 0.000000 0.000000 0.000000 1.000000
0.997294 0.044069 0.058844 0.000000 -0.031818 0.980306 -0.194903 13.290100 -0.066275 0.192503 0.979056 0.000000 0.000000 0.000000 0.000000 1.000000
0.997221 0.047479 0.057419 -0.000000 -0.034377 0.976930 -0.210774 13.290100 -0.066102 0.208214 0.975847 -0.000000 0.000000 0.000000 0.000000 1.000000
0.997508 0.047890 0.051810 0.000000 -0.034929 0.973245 -0.227101 13.290100 -0.061300 0.224726 0.972492 0.000000 0.000000 0.000000 0.000000 1.000000
0.998181 0.044169 0.041039 -0.000000 -0.032951 0.969676 -0.242163 13.290100 -0.050490 0.240371 0.969367 0.000000 0.000000 0.000000 0.000000 1.000000
0.998963 0.037062 0.026437 -0.000000 -0.029086 0.966339 -0.255623 13.290100 -0.035021 0.254589 0.966415 0.000000 0.000000 0.000000 0.000000 1.000000
0.999592 0.026804 0.009843 -0.000000 -0.023203 0.963381 -0.267130 13.290100 -0.016643 0.266792 0.963610 0.000000 0.000000 0.000000 0.000000 1.000000
0.999868 0.014969 -0.006280 0.000000 -0.016121 0.960994 -0.276099 13.290100 0.001902 0.276164 0.961109 0.000000 0.000000 0.000000 0.000000 1.000000
0.999772 0.003205 -0.021119 0.000000 -0.009034 0.959347 -0.282085 13.290100 0.019356 0.282212 0.959157 0.000000 0.000000 0.000000 0.000000 1.000000
0.999363 -0.006548 -0.035079 0.000000 -0.003692 0.958772 -0.284151 13.290100 0.035493 0.284100 0.958138 0.000000 0.000000 0.000000 0.000000 1.000000
0.998716 -0.012606 -0.049058 0.000000 -0.001747 0.959387 -0.282087 13.290100 0.050622 0.281810 0.958134 0.000000 0.000000 0.000000 0.000000 1.000000
0.997855 -0.015338 -0.063634 -0.000000 -0.002869 0.960975 -0.276622 13.290100 0.065393 0.276211 0.958870 0.000000 0.000000 0.000000 0.000000 1.000000
0.996781 -0.016089 -0.078546 0.000000 -0.005550 0.963464 -0.267779 13.290100 0.079985 0.267353 0.960273 -0.000000 0.000000 0.000000 0.000000 1.000000
0.995625 -0.017063 -0.091864 0.000000 -0.007114 0.966486 -0.256623 13.290100 0.093164 0.256153 0.962136 0.000000 0.000000 0.000000 0.000000 1.000000
0.994663 -0.019789 -0.101266 0.000000 -0.005724 0.969342 -0.245650 13.290100 0.103023 0.244918 0.964055 -0.000000 0.000000 0.000000 0.000000 1.000000
0.994238 -0.024899 -0.104262 0.000000 -0.000609 0.971320 -0.237775 13.290100 0.107193 0.236468 0.965708 -0.000000 0.000000 0.000000 0.000000 1.000000
0.994366 -0.031349 -0.101264 0.000000 0.006879 0.972342 -0.233458 13.290100 0.105782 0.231446 0.967079 0.000000 0.000000 0.000000 0.000000 1.000000
0.994962 -0.037993 -0.092771 -0.000000 0.015574 0.972748 -0.231342 13.290100 0.099032 0.228732 0.968439 0.000000 0.000000 0.000000 0.000000 1.000000
0.995842 -0.044112 -0.079707 -0.000000 0.024699 0.972910 -0.229860 13.290100 0.087688 0.226935 0.969954 -0.000000 0.000000 0.000000 0.000000 1.000000
0.996809 -0.048229 -0.063614 -0.000000 0.032610 0.973358 -0.226958 13.290100 0.072865 0.224160 0.971825 0.000000 0.000000 0.000000 0.000000 1.000000
0.997724 -0.049122 -0.046198 0.000000 0.037721 0.974439 -0.221464 13.290100 0.055896 0.219217 0.974074 0.000000 0.000000 0.000000 0.000000 1.000000
0.998489 -0.046021 -0.030015 0.000000 0.038585 0.976236 -0.213249 13.290100 0.039116 0.211769 0.976537 0.000000 0.000000 0.000000 0.000000 1.000000
0.999146 -0.037514 -0.017295 0.000000 0.033248 0.978770 -0.202245 13.290100 0.024515 0.201498 0.979182 0.000000 0.000000 0.000000 0.000000 1.000000</float_array>
        <technique_common>
          <accessor source="#mixamorig_Spine2-Matrix-animation-output-transform-array" count="31" stride="16">
            <param type="float4x4"/>
          </accessor>
        </technique_common>
      </source>
      <source id="mixamorig_Spine2-Interpolations">
        <Name_array id="mixamorig_Spine2-Interpolations-array" count="31">
 LINEAR LINEAR LINEAR LINEAR LINEAR LINEAR LINEAR LINEAR LINEAR LINEAR LINEAR
LINEAR LINEAR LINEAR LINEAR LINEAR LINEAR LINEAR LINEAR LINEAR LINEAR LINEAR LINEAR
LINEAR LINEAR LINEAR LINEAR LINEAR LINEAR LINEAR LINEAR</Name_array>
        <technique_common>
          <accessor source="#mixamorig_Spine2-Interpolations-array" count="31">
            <param type="name"/>
          </accessor>
        </technique_common>
      </source>
      <sampler id="mixamorig_Spine2-Matrix-animation-transform">
        <input semantic="INPUT" source="#mixamorig_Spine2-Matrix-animation-input"/>
        <input semantic="OUTPUT" source="#mixamorig_Spine2-Matrix-animation-output-transform"/>
        <input semantic="INTERPOLATION" source="#mixamorig_Spine2-Interpolations"/>
      </sampler>
      <channel source="#mixamorig_Spine2-Matrix-animation-transform" target="mixamorig_Spine2/matrix"/>
    </animation>
    <animation id="mixamorig_Neck-anim" name="mixamorig_Neck">
      <source id="mixamorig_Neck-Matrix-animation-input">
        <float_array id="mixamorig_Neck-Matrix-animation-input-array" count="31">

0.000000 0.033333 0.066667 0.100000 0.133333 0.166667 0.200000 0.233333 0.266667 0.300000 0.333333 0.366667 0.400000 0.433333 0.466667 0.500000
0.533333 0.566667 0.600000 0.633333 0.666667 0.700000 0.733333 0.766667 0.800000 0.833333 0.866667 0.900000 0.933333 0.966667 1.000000</float_array>
        <technique_common>
          <accessor source="#mixamorig_Neck-Matrix-animation-input-array" count="31">
            <param name="TIME" type="float"/>
          </accessor>
        </technique_common>
      </source>
      <source id="mixamorig_Neck-Matrix-animation-output-transform">
        <float_array id="mixamorig_Neck-Matrix-animation-output-transform-array" count="496">

0.998135 0.035698 0.049528 0.000000 -0.040520 0.994157 0.100049 14.907100 -0.045667 -0.101869 0.993749 -5.902900 0.000000 0.000000 0.000000 1.000000
0.997716 0.051194 0.044061 0.000000 -0.054871 0.994717 0.086762 14.907100 -0.039386 -0.088981 0.995254 -5.902900 0.000000 0.000000 0.000000 1.000000
0.997062 0.066263 0.038425 0.000000 -0.068933 0.994953 0.072912 14.907100 -0.033399 -0.075346 0.996598 -5.902900 0.000000 0.000000 0.000000 1.000000
0.996218 0.080443 0.032838 0.000000 -0.082316 0.994779 0.060320 14.907100 -0.027815 -0.062795 0.997639 -5.902900 0.000000 0.000000 0.000000 1.000000
0.995248 0.093434 0.027401 0.000000 -0.094731 0.994216 0.050595 14.907100 -0.022515 -0.052950 0.998343 -5.902900 0.000000 0.000000 0.000000 1.000000
0.994188 0.105380 0.022051 0.000000 -0.106276 0.993344 0.044417 14.907100 -0.017224 -0.046502 0.998770 -5.902900 0.000000 0.000000 0.000000 1.000000
0.993066 0.116317 0.017064 -0.000000 -0.116956 0.992202 0.043084 14.907100 -0.011920 -0.044781 0.998926 -5.902900 0.000000 0.000000 0.000000 1.000000
0.991919 0.126217 0.012869 0.000000 -0.126693 0.990793 0.047732 14.907100 -0.006726 -0.048977 0.998777 -5.902900 0.000000 0.000000 0.000000 1.000000
0.990813 0.134913 0.009336 -0.000000 -0.135228 0.989115 0.058011 14.907100 -0.001408 -0.058741 0.998272 -5.902900 0.000000 0.000000 0.000000 1.000000
0.989818 0.142218 0.005901 0.000000 -0.142267 0.987121 0.073153 14.907100 0.004578 -0.073248 0.997303 -5.902900 0.000000 0.000000 0.000000 1.000000
0.988946 0.148257 0.002235 0.000000 -0.147854 0.984898 0.090079 14.907100 0.011154 -0.089414 0.995932 -5.902900 0.000000 0.000000 0.000000 1.000000
0.988261 0.152768 -0.001147 0.000000 -0.151789 0.982719 0.105946 14.907100 0.017312 -0.104528 0.994371 -5.902900 0.000000 0.000000 0.000000 1.000000
0.987947 0.154761 -0.003036 -0.000000 -0.153342 0.981192 0.117250 14.907100 0.021124 -0.115371 0.993098 -5.902900 0.000000 0.000000 0.000000 1.000000
0.988137 0.153538 -0.003295 0.000000 -0.151981 0.980752 0.122586 14.907100 0.022053 -0.120631 0.992452 -5.902900 0.000000 0.000000 0.000000 1.000000
0.988998 0.147909 -0.002446 0.000000 -0.146525 0.981749 0.121244 14.907100 0.020335 -0.119551 0.992620 -5.902900 0.000000 0.000000 0.000000 1.000000
0.990418 0.138098 -0.000998 0.000000 -0.137100 0.984081 0.113088 14.907100 0.016600 -0.111867 0.993585 -5.902900 0.000000 0.000000 0.000000 1.000000
0.992093 0.125498 0.001272 -0.000000 -0.125010 0.987234 0.098697 14.907100 0.011130 -0.098076 0.995117 -5.902900 0.000000 0.000000 0.000000 1.000000
0.993811 0.110954 0.005293 0.000000 -0.111026 0.990710 0.078533 14.907100 0.003469 -0.078634 0.996897 -5.902900 0.000000 0.000000 0.000000 1.000000
0.995408 0.094983 0.011920 0.000000 -0.095505 0.993855 0.055959 14.907100 -0.006532 -0.056841 0.998362 -5.902900 0.000000 0.000000 0.000000 1.000000
0.996665 0.078917 0.020754 -0.000000 -0.079564 0.996300 0.032495 14.907100 -0.018112 -0.034038 0.999256 -5.902900 0.000000 0.000000 0.000000 1.000000
0.997421 0.064835 0.030801 0.000000 -0.065191 0.997816 0.010685 14.907100 -0.030041 -0.012665 0.999468 -5.902900 0.000000 0.000000 0.000000 1.000000
0.997733 0.053530 0.040780 -0.000000 -0.053398 0.998564 -0.004321 14.907100 -0.040953 0.002134 0.999159 -5.902900 0.000000 0.000000 0.000000 1.000000
0.997752 0.044962 0.049694 0.000000 -0.044600 0.998970 -0.008379 14.907100 -0.050020 0.006143 0.998729 -5.902900 0.000000 0.000000 0.000000 1.000000
0.997656 0.038280 0.056716 0.000000 -0.038421 0.999261 0.001384 14.907100 -0.056621 -0.003560 0.998389 -5.902900 0.000000 0.000000 0.000000 1.000000
0.997551 0.032581 0.061896 0.000000 -0.033998 0.999180 0.021972 14.907100 -0.061129 -0.024023 0.997841 -5.902900 0.000000 0.000000 0.000000 1.000000
0.997493 0.027848 0.065056 0.000000 -0.031094 0.998294 0.049415 14.907100 -0.063569 -0.051314 0.996657 -5.902900 0.000000 0.000000 0.000000 1.000000
0.997541 0.024517 0.065664 -0.000000 -0.029534 0.996628 0.076549 14.907100 -0.063566 -0.078300 0.994901 -5.902900 0.000000 0.000000 0.000000 1.000000
0.997711 0.023191 0.063526 0.000000 -0.029347 0.994778 0.097749 14.907100 -0.060927 -0.099389 0.993182 -5.902900 0.000000 0.000000 0.000000 1.000000
0.997950 0.024806 0.058990 -0.000000 -0.031110 0.993614 0.108463 14.907100 -0.055923 -0.110075 0.992349 -5.902900 0.000000 0.000000 0.000000 1.000000
0.998129 0.029116 0.053774 -0.000000 -0.034854 0.993425 0.109048 14.907100 -0.050245 -0.110718 0.992581 -5.902900 0.000000 0.000000 0.000000 1.000000
0.998135 0.035698 0.049528 0.000000 -0.040520 0.994157 0.100049 14.907100 -0.045667 -0.101869 0.993749 -5.902900 0.000000 0.000000 0.000000 1.000000</float_array>
        <technique_common>
          <accessor source="#mixamorig_Neck-Matrix-animation-output-transform-array" count="31" stride="16">
            <param type="float4x4"/>
          </accessor>
        </technique_common>
      </source>
      <source id="mixamorig_Neck-Interpolations">
        <Name_array id="mixamorig_Neck-Interpolations-array" count="31">
 LINEAR LINEAR LINEAR LINEAR LINEAR LINEAR LINEAR LINEAR LINEAR LINEAR LINEAR
LINEAR LINEAR LINEAR LINEAR LINEAR LINEAR LINEAR LINEAR LINEAR LINEAR LINEAR LINEAR
LINEAR LINEAR LINEAR LINEAR LINEAR LINEAR LINEAR LINEAR</Name_array>
        <technique_common>
          <accessor source="#mixamorig_Neck-Interpolations-array" count="31">
            <param type="name"/>
          </accessor>
        </technique_common>
      </source>
      <sampler id="mixamorig_Neck-Matrix-animation-transform">
        <input semantic="INPUT" source="#mixamorig_Neck-Matrix-animation-input"/>
        <input semantic="OUTPUT" source="#mixamorig_Neck-Matrix-animation-output-transform"/>
        <input semantic="INTERPOLATION" source="#mixamorig_Neck-Interpolations"/>
      </sampler>
      <channel source="#mixamorig_Neck-Matrix-animation-transform" target="mixamorig_Neck/matrix"/>
    </animation>
    <animation id="mixamorig_Head-anim" name="mixamorig_Head">
      <source id="mixamorig_Head-Matrix-animation-input">
        <float_array id="mixamorig_Head-Matrix-animation-input-array" count="31">

0.000000 0.033333 0.066667 0.100000 0.133333 0.166667 0.200000 0.233333 0.266667 0.300000 0.333333 0.366667 0.400000 0.433333 0.466667 0.500000
0.533333 0.566667 0.600000 0.633333 0.666667 0.700000 0.733333 0.766667 0.800000 0.833333 0.866667 0.900000 0.933333 0.966667 1.000000</float_array>
        <technique_common>
          <accessor source="#mixamorig_Head-Matrix-animation-input-array" count="31">
            <param name="TIME" type="float"/>
          </accessor>
        </technique_common>
      </source>
      <source id="mixamorig_Head-Matrix-animation-output-transform">
        <float_array id="mixamorig_Head-Matrix-animation-output-transform-array" count="496">

0.950375 0.087937 0.298419 0.000000 -0.248543 0.791544 0.558287 10.914100 -0.187118 -0.604752 0.774120 1.211700 0.000000 0.000000 0.000000 1.000000
0.958595 0.100536 0.266435 0.000000 -0.239470 0.790901 0.563143 10.914100 -0.154107 -0.603629 0.782229 1.211700 0.000000 0.000000 0.000000 1.000000
0.967313 0.104759 0.230936 0.000000 -0.221369 0.793072 0.567479 10.914100 -0.123700 -0.600052 0.790339 1.211700 0.000000 0.000000 0.000000 1.000000
0.976601 0.098554 0.191146 0.000000 -0.192066 0.799558 0.569050 10.914100 -0.096751 -0.592447 0.799778 1.211700 0.000000 0.000000 0.000000 1.000000
0.986115 0.080016 0.145515 0.000000 -0.149223 0.811461 0.565035 10.914100 -0.072868 -0.578903 0.812134 1.211700 0.000000 0.000000 0.000000 1.000000
0.994185 0.051616 0.094509 0.000000 -0.095644 0.826513 0.554732 10.914100 -0.049480 -0.560546 0.826644 1.211700 0.000000 0.000000 0.000000 1.000000
0.999089 0.015851 0.039633 0.000000 -0.034748 0.841266 0.539504 10.914100 -0.024790 -0.540389 0.841050 1.211700 0.000000 0.000000 0.000000 1.000000
0.999648 -0.021843 -0.015081 -0.000000 0.026509 0.850680 0.525015 10.914100 0.001362 -0.525229 0.850960 1.211700 0.000000 0.000000 0.000000 1.000000
0.996258 -0.056330 -0.065553 0.000000 0.082176 0.852382 0.516423 10.914100 0.026786 -0.519877 0.853821 1.211700 0.000000 0.000000 0.000000 1.000000
0.990773 -0.082148 -0.107797 0.000000 0.126544 0.845512 0.518745 10.914100 0.048529 -0.527600 0.848106 1.211700 0.000000 0.000000 0.000000 1.000000
0.985274 -0.097933 -0.140158 0.000000 0.158331 0.832021 0.531670 10.914100 0.064546 -0.546032 0.835274 1.211700 0.000000 0.000000 0.000000 1.000000
0.981274 -0.105155 -0.161382 0.000000 0.178189 0.813739 0.553243 10.914100 0.073147 -0.571640 0.817238 1.211700 0.000000 0.000000 0.000000 1.000000
0.979625 -0.107478 -0.169656 0.000000 0.187404 0.792927 0.579781 10.914100 0.072211 -0.599763 0.796913 1.211700 0.000000 0.000000 0.000000 1.000000
0.979863 -0.108847 -0.167397 0.000000 0.189342 0.772684 0.605895 10.914100 0.063395 -0.625389 0.777734 1.211700 0.000000 0.000000 0.000000 1.000000
0.981725 -0.110003 -0.155290 -0.000000 0.184077 0.755946 0.628221 10.914100 0.048285 -0.645326 0.762380 1.211700 0.000000 0.000000 0.000000 1.000000
0.985185 -0.108565 -0.132755 0.000000 0.169108 0.743680 0.646794 10.914100 0.028508 -0.659661 0.751022 1.211700 0.000000 0.000000 0.000000 1.000000
0.989653 -0.103087 -0.099799 0.000000 0.143397 0.734442 0.663349 10.914100 0.004914 -0.670796 0.741625 1.211700 0.000000 0.000000 0.000000 1.000000
0.994275 -0.092207 -0.053989 0.000000 0.104287 0.727435 0.678206 10.914100 -0.023262 -0.679953 0.732886 1.211700 0.000000 0.000000 0.000000 1.000000
0.997122 -0.075540 0.006396 -0.000000 0.050391 0.723456 0.688529 10.914100 -0.056639 -0.686225 0.725181 1.211700 0.000000 0.000000 0.000000 1.000000
0.995512 -0.054299 0.077514 0.000000 -0.014379 0.722749 0.690961 10.914100 -0.093542 -0.688974 0.718724 1.211700 0.000000 0.000000 0.000000 1.000000
0.987821 -0.030128 0.152652 0.000000 -0.083202 0.726754 0.681840 10.914100 -0.131483 -0.686237 0.715396 1.211700 0.000000 0.000000 0.000000 1.000000
0.974629 -0.006361 0.223735 -0.000000 -0.147004 0.735587 0.661288 10.914100 -0.168783 -0.677401 0.715989 1.211700 0.000000 0.000000 0.000000 1.000000
0.958684 0.014104 0.284122 0.000000 -0.198329 0.749149 0.632014 10.914100 -0.203936 -0.662251 0.720995 1.211700 0.000000 0.000000 0.000000 1.000000
0.944193 0.028177 0.328184 0.000000 -0.231539 0.765427 0.600426 10.914100 -0.234283 -0.642906 0.729235 1.211700 0.000000 0.000000 0.000000 1.000000
0.933349 0.036608 0.357098 0.000000 -0.249733 0.780811 0.572684 10.914100 -0.257861 -0.623694 0.737912 1.211700 0.000000 0.000000 0.000000 1.000000
0.927503 0.041014 0.371560 -0.000000 -0.256707 0.792416 0.553334 10.914100 -0.271736 -0.608601 0.745497 1.211700 0.000000 0.000000 0.000000 1.000000
0.926659 0.045266 0.373166 -0.000000 -0.258022 0.798521 0.543865 10.914100 -0.273363 -0.600263 0.751636 1.211700 0.000000 0.000000 0.000000 1.000000
0.929835 0.052318 0.364239 0.000000 -0.257405 0.799837 0.542220 10.914100 -0.262964 -0.597932 0.757184 1.211700 0.000000 0.000000 0.000000 1.000000
0.935932 0.063589 0.346394 0.000000 -0.256334 0.797467 0.546204 10.914100 -0.241505 -0.600002 0.762675 1.211700 0.000000 0.000000 0.000000 1.000000
0.943078 0.076795 0.323584 0.000000 -0.254198 0.793835 0.552457 10.914100 -0.214447 -0.603265 0.768170 1.211700 0.000000 0.000000 0.000000 1.000000
0.950375 0.087937 0.298418 -0.000000 -0.248543 0.791544 0.558287 10.914100 -0.187117 -0.604752 0.774120 1.211700 0.000000 0.000000 0.000000 1.000000</float_array>
        <technique_common>
