<?xml version="1.0" encoding="utf-8"?>
<COLLADA xmlns="http://www.collada.org/2005/11/COLLADASchema" version="1.4.1">
  <asset>
    <contributor>
      <author>Mixamo</author>
      <authoring_tool>COLLADA Mixamo exporter</authoring_tool>
      <comments/>
    </contributor>
    <created>2023-02-13T20:10:03Z</created>
    <modified>2023-02-13T20:10:03Z</modified>
    <revision/>
    <title/>
    <unit meter="0.010000"/>
    <up_axis>Y_UP</up_axis>
  </asset>
  <library_animations>
    <animation id="mixamorig_Hips-anim" name="mixamorig_Hips">
      <source id="mixamorig_Hips-Matrix-animation-input">
        <float_array id="mixamorig_Hips-Matrix-animation-input-array" count="121">

0.000000 0.033333 0.066667 0.100000 0.133333 0.166667 0.200000 0.233333 0.266667 0.300000 0.333333 0.366667 0.400000 0.433333 0.466667 0.500000
0.533333 0.566667 0.600000 0.633333 0.666667 0.700000 0.733333 0.766667 0.800000 0.833333 0.866667 0.900000 0.933333 0.966667 1.000000 1.033333
1.066667 1.100000 1.133333 1.166667 1.200000 1.233333 1.266667 1.300000 1.333333 1.366667 1.400000 1.433333 1.466667 1.500000 1.533333 1.566667
1.600000 1.633333 1.666667 1.700000 1.733333 1.766667 1.800000 1.833333 1.866667 1.900000 1.933333 1.966667 2.000000 2.033333 2.066667 2.100000
2.133333 2.166667 2.200000 2.233333 2.266667 2.300000 2.333333 2.366667 2.400000 2.433333 2.466667 2.500000 2.533333 2.566667 2.600000 2.633333
2.666667 2.700000 2.733333 2.766667 2.800000 2.833333 2.866667 2.900000 2.933333 2.966667 3.000000 3.033333 3.066667 3.100000 3.133333 3.166667
3.200000 3.233333 3.266667 3.300000 3.333333 3.366667 3.400000 3.433333 3.466667 3.500000 3.533333 3.566667 3.600000 3.633333 3.666667 3.700000
3.733333 3.766667 3.800000 3.833333 3.866667 3.900000 3.933333 3.966667 4.000000</float_array>
        <technique_common>
          <accessor source="#mixamorig_Hips-Matrix-animation-input-array" count="121">
            <param name="TIME" type="float"/>
          </accessor>
        </technique_common>
      </source>
      <source id="mixamorig_Hips-Matrix-animation-output-transform">
        <float_array id="mixamorig_Hips-Matrix-animation-output-transform-array" count="1936">

0.978054 0.009105 -0.208151 -0.296167 -0.043187 0.986206 -0.159788 102.708290 0.203825 0.165271 0.964956 -1.902717 0.000000 0.000000 0.000000 1.000000
0.978990 0.004883 -0.203850 -0.463419 -0.039512 0.985308 -0.166153 102.854652 0.200044 0.170717 0.964800 -1.804069 0.000000 0.000000 0.000000 1.000000
0.979668 0.001983 -0.200614 -0.611283 -0.037284 0.984331 -0.172341 102.978111 0.197128 0.176317 0.964392 -1.714842 0.000000 0.000000 0.000000 1.000000
0.979466 0.000510 -0.201610 -0.660456 -0.036996 0.983470 -0.177250 103.060913 0.198187 0.181069 0.963294 -1.612329 0.000000 0.000000 0.000000 1.000000
0.977740 -0.000827 -0.209818 -0.513746 -0.037659 0.983062 -0.179364 103.099136 0.206412 0.183273 0.961148 -1.453047 0.000000 0.000000 0.000000 1.000000
0.974605 -0.003350 -0.223905 -0.152457 -0.037575 0.983264 -0.178269 103.104301 0.220755 0.182155 0.958168 -1.214982 0.000000 0.000000 0.000000 1.000000
0.971221 -0.006687 -0.238086 0.344277 -0.036185 0.983860 -0.175243 103.085464 0.235415 0.178815 0.955304 -0.917892 0.000000 0.000000 0.000000 1.000000
0.969051 -0.009132 -0.246690 0.875669 -0.034517 0.984486 -0.172035 103.039795 0.244434 0.175226 0.953702 -0.597347 0.000000 0.000000 0.000000 1.000000
0.968675 -0.009375 -0.248155 1.386470 -0.033930 0.984919 -0.169654 102.963013 0.246003 0.172759 0.953749 -0.274310 0.000000 0.000000 0.000000 1.000000
0.969459 -0.007558 -0.245136 1.873340 -0.034865 0.985127 -0.168256 102.862823 0.242762 0.171664 0.954776 0.050878 0.000000 0.000000 0.000000 1.000000
0.970309 -0.004914 -0.241820 2.358857 -0.036766 0.985179 -0.167542 102.758545 0.239059 0.171458 0.955747 0.387122 0.000000 0.000000 0.000000 1.000000
0.970487 -0.002725 -0.241140 2.865567 -0.038753 0.985178 -0.167100 102.670784 0.238021 0.171513 0.955997 0.740076 0.000000 0.000000 0.000000 1.000000
0.969868 -0.001605 -0.243625 3.397400 -0.040225 0.985199 -0.166626 102.609604 0.240287 0.171405 0.955449 1.104598 0.000000 0.000000 0.000000 1.000000
0.968801 -0.001351 -0.247836 3.930813 -0.041102 0.985262 -0.166043 102.573555 0.244408 0.171049 0.954467 1.463902 0.000000 0.000000 0.000000 1.000000
0.967888 -0.001136 -0.251380 4.418373 -0.041841 0.985313 -0.165552 102.554520 0.247876 0.170754 0.953625 1.795034 0.000000 0.000000 0.000000 1.000000
0.967760 0.000157 -0.251874 4.804919 -0.043251 0.985249 -0.165568 102.544342 0.248133 0.171124 0.953492 2.077149 0.000000 0.000000 0.000000 1.000000
0.968775 0.003358 -0.247920 5.051543 -0.046023 0.984967 -0.166501 102.538300 0.243634 0.172712 0.954365 2.298126 0.000000 0.000000 0.000000 1.000000
0.970716 0.008331 -0.240087 5.156527 -0.050100 0.984444 -0.168403 102.534050 0.234949 0.175500 0.956033 2.455774 0.000000 0.000000 0.000000 1.000000
0.972800 0.013732 -0.231241 5.158692 -0.054471 0.983812 -0.170727 102.525970 0.225153 0.178679 0.957800 2.555258 0.000000 0.000000 0.000000 1.000000
0.974106 0.017611 -0.225404 5.115165 -0.057682 0.983328 -0.172451 102.506409 0.218609 0.180987 0.958881 2.603091 0.000000 0.000000 0.000000 1.000000
0.974086 0.018575 -0.225414 5.063468 -0.058722 0.983216 -0.172736 102.471931 0.218422 0.181497 0.958828 2.601025 0.000000 0.000000 0.000000 1.000000
0.972825 0.016656 -0.230940 4.994040 -0.057589 0.983471 -0.171663 102.435585 0.224263 0.180298 0.957705 2.541695 0.000000 0.000000 0.000000 1.000000
0.971064 0.013172 -0.238456 4.854164 -0.055174 0.983840 -0.170337 102.424477 0.232359 0.178565 0.956098 2.409305 0.000000 0.000000 0.000000 1.000000
0.969898 0.009757 -0.243316 4.579976 -0.052594 0.984006 -0.170192 102.465210 0.237764 0.177866 0.954899 2.187211 0.000000 0.000000 0.000000 1.000000
0.970126 0.007325 -0.242492 4.132275 -0.050435 0.983795 -0.172056 102.566055 0.237302 0.179146 0.954774 1.869086 0.000000 0.000000 0.000000 1.000000
0.971698 0.005779 -0.236154 3.512430 -0.048521 0.983268 -0.175586 102.709641 0.231188 0.182075 0.955720 1.469037 0.000000 0.000000 0.000000 1.000000
0.973851 0.004495 -0.227143 2.752085 -0.046372 0.982688 -0.179371 102.860268 0.222404 0.185214 0.957200 1.024057 0.000000 0.000000 0.000000 1.000000
0.975765 0.003000 -0.218801 1.891176 -0.043756 0.982387 -0.181665 102.981728 0.214402 0.186836 0.958710 0.583417 0.000000 0.000000 0.000000 1.000000
0.977100 0.001231 -0.212776 0.962559 -0.040728 0.982575 -0.181347 103.054436 0.208846 0.185860 0.960125 0.186613 0.000000 0.000000 0.000000 1.000000
0.978046 -0.000636 -0.208389 -0.008377 -0.037391 0.983231 -0.178488 103.081619 0.205009 0.182361 0.961621 -0.157213 0.000000 0.000000 0.000000 1.000000
0.979011 -0.002455 -0.203795 -0.995756 -0.033800 0.984125 -0.174227 103.081139 0.200987 0.177458 0.963386 -0.470683 0.000000 0.000000 0.000000 1.000000
0.980261 -0.004228 -0.197665 -1.968234 -0.030044 0.984975 -0.170064 103.072197 0.195414 0.172646 0.965405 -0.786318 0.000000 0.000000 0.000000 1.000000
0.981770 -0.006029 -0.189979 -2.891878 -0.026271 0.985599 -0.167044 103.065475 0.188251 0.168990 0.967473 -1.118891 0.000000 0.000000 0.000000 1.000000
0.983331 -0.007875 -0.181654 -3.735382 -0.022647 0.985978 -0.165334 103.062996 0.180409 0.166692 0.969364 -1.455790 0.000000 0.000000 0.000000 1.000000
0.984718 -0.009687 -0.173885 -4.471073 -0.019340 0.986194 -0.164462 103.057846 0.173077 0.165312 0.970936 -1.770733 0.000000 0.000000 0.000000 1.000000
0.985720 -0.011463 -0.168000 -5.071142 -0.016466 0.986338 -0.163911 103.039490 0.167583 0.164337 0.972064 -2.042979 0.000000 0.000000 0.000000 1.000000
0.986071 -0.013539 -0.165770 -5.506398 -0.013937 0.986450 -0.163468 102.996590 0.165737 0.163502 0.972522 -2.262455 0.000000 0.000000 0.000000 1.000000
0.985414 -0.016539 -0.169369 -5.752581 -0.011475 0.986543 -0.163096 102.923264 0.169787 0.162661 0.971964 -2.418655 0.000000 0.000000 0.000000 1.000000
0.983391 -0.020881 -0.180296 -5.803730 -0.008870 0.986645 -0.162645 102.826782 0.181284 0.161543 0.970072 -2.493634 0.000000 0.000000 0.000000 1.000000
0.979925 -0.026160 -0.197645 -5.682375 -0.006303 0.986794 -0.161859 102.726540 0.199269 0.159855 0.966819 -2.470881 0.000000 0.000000 0.000000 1.000000
0.975645 -0.030997 -0.217156 -5.436229 -0.004401 0.987000 -0.160659 102.641525 0.219313 0.157702 0.962825 -2.352468 0.000000 0.000000 0.000000 1.000000
0.972037 -0.033658 -0.232405 -5.120418 -0.003918 0.987213 -0.159360 102.579117 0.234797 0.155814 0.959475 -2.164859 0.000000 0.000000 0.000000 1.000000
0.970726 -0.033075 -0.237902 -4.774697 -0.005232 0.987327 -0.158611 102.536469 0.240133 0.155213 0.958251 -1.944525 0.000000 0.000000 0.000000 1.000000
0.972239 -0.029495 -0.232122 -4.409092 -0.008031 0.987233 -0.159082 102.512299 0.233851 0.156530 0.959590 -1.715484 0.000000 0.000000 0.000000 1.000000
0.975565 -0.024267 -0.218368 -4.005488 -0.011491 0.986886 -0.161010 102.513985 0.219411 0.159585 0.962492 -1.478410 0.000000 0.000000 0.000000 1.000000
0.979025 -0.018933 -0.202858 -3.533888 -0.014898 0.986355 -0.163958 102.550117 0.203194 0.163541 0.965384 -1.217646 0.000000 0.000000 0.000000 1.000000
0.981412 -0.014345 -0.191376 -2.972136 -0.018168 0.985779 -0.167061 102.617065 0.191051 0.167433 0.967195 -0.915399 0.000000 0.000000 0.000000 1.000000
0.982357 -0.010456 -0.186721 -2.318809 -0.021727 0.985294 -0.169481 102.696426 0.185747 0.170548 0.967684 -0.560901 0.000000 0.000000 0.000000 1.000000
0.982080 -0.006757 -0.188343 -1.593478 -0.025956 0.984985 -0.170678 102.766548 0.186668 0.172508 0.967159 -0.151995 0.000000 0.000000 0.000000 1.000000
0.981049 -0.002832 -0.193737 -0.823948 -0.030834 0.984869 -0.170535 102.814491 0.191289 0.173277 0.966118 0.306215 0.000000 0.000000 0.000000 1.000000
0.979761 0.001385 -0.200168 -0.032059 -0.036007 0.984885 -0.169426 102.838570 0.196908 0.173204 0.965001 0.801516 0.000000 0.000000 0.000000 1.000000
0.978590 0.005696 -0.205741 0.772109 -0.041080 0.984909 -0.168126 102.842621 0.201678 0.172978 0.964056 1.315057 0.000000 0.000000 0.000000 1.000000
0.977715 0.009820 -0.209706 1.585298 -0.045803 0.984819 -0.167431 102.831017 0.204879 0.173306 0.963322 1.825377 0.000000 0.000000 0.000000 1.000000
0.977110 0.013525 -0.212303 2.401881 -0.050067 0.984564 -0.167709 102.808609 0.206758 0.174500 0.962705 2.314192 0.000000 0.000000 0.000000 1.000000
0.976624 0.016677 -0.214308 3.207625 -0.053835 0.984188 -0.168747 102.781624 0.208106 0.176339 0.962079 2.768664 0.000000 0.000000 0.000000 1.000000
0.976104 0.019284 -0.216445 3.980371 -0.057138 0.983782 -0.170027 102.757919 0.209656 0.178331 0.961375 3.179013 0.000000 0.000000 0.000000 1.000000
0.975506 0.021498 -0.218919 4.694302 -0.060089 0.983404 -0.171189 102.747856 0.211606 0.180151 0.960608 3.535191 0.000000 0.000000 0.000000 1.000000
0.974909 0.023510 -0.221360 5.323510 -0.062825 0.983041 -0.172287 102.764999 0.213555 0.181871 0.959853 3.826598 0.000000 0.000000 0.000000 1.000000
0.974446 0.025414 -0.223177 5.843870 -0.065408 0.982626 -0.173692 102.821228 0.214886 0.183851 0.959178 4.044663 0.000000 0.000000 0.000000 1.000000
0.974202 0.027177 -0.224033 6.234492 -0.067809 0.982101 -0.175728 102.919540 0.215247 0.186387 0.958608 4.185785 0.000000 0.000000 0.000000 1.000000
0.974157 0.028713 -0.224040 6.480174 -0.069943 0.981481 -0.178335 103.049713 0.214770 0.189396 0.958125 4.251843 0.000000 0.000000 0.000000 1.000000
0.974225 0.029937 -0.223582 6.575425 -0.071687 0.980861 -0.181032 103.191498 0.213883 0.192394 0.957726 4.248031 0.000000 0.000000 0.000000 1.000000
0.974335 0.030723 -0.222998 6.527136 -0.072854 0.980363 -0.183252 103.325592 0.212989 0.194795 0.957440 4.180975 0.000000 0.000000 0.000000 1.000000
0.974466 0.030867 -0.222405 6.352543 -0.073215 0.980050 -0.184775 103.438316 0.212265 0.196340 0.957285 4.057391 0.000000 0.000000 0.000000 1.000000
0.974630 0.030212 -0.221774 6.073218 -0.072670 0.979883 -0.185872 103.522163 0.211697 0.197273 0.957219 3.883506 0.000000 0.000000 0.000000 1.000000
0.974829 0.028810 -0.221085 5.707702 -0.071370 0.979761 -0.187017 103.573517 0.211222 0.198089 0.957155 3.665670 0.000000 0.000000 0.000000 1.000000
0.975047 0.026892 -0.220362 5.268066 -0.069594 0.979625 -0.188391 103.591301 0.210806 0.199026 0.957052 3.411517 0.000000 0.000000 0.000000 1.000000
0.975283 0.024647 -0.219579 4.762984 -0.067440 0.979544 -0.189593 103.576530 0.210415 0.199716 0.956995 3.131913 0.000000 0.000000 0.000000 1.000000
0.975567 0.022052 -0.218594 4.203933 -0.064672 0.979692 -0.189795 103.532616 0.209970 0.199294 0.957180 2.840104 0.000000 0.000000 0.000000 1.000000
0.975939 0.018954 -0.217217 3.608461 -0.060933 0.980233 -0.188231 103.461990 0.209356 0.196938 0.957803 2.547435 0.000000 0.000000 0.000000 1.000000
0.976406 0.015341 -0.215396 2.996912 -0.056154 0.981195 -0.184671 103.368011 0.208513 0.192410 0.958906 2.257860 0.000000 0.000000 0.000000 1.000000
0.976911 0.011472 -0.213340 2.386275 -0.050745 0.982442 -0.179537 103.256470 0.207534 0.186217 0.960340 1.966344 0.000000 0.000000 0.000000 1.000000
0.977352 0.007671 -0.211480 1.786112 -0.045288 0.983772 -0.173614 103.141464 0.206716 0.179259 0.961839 1.662546 0.000000 0.000000 0.000000 1.000000
0.977601 0.004153 -0.210428 1.201578 -0.040274 0.985021 -0.167663 103.037392 0.206579 0.172382 0.963125 1.342938 0.000000 0.000000 0.000000 1.000000
0.977509 0.000969 -0.210890 0.639960 -0.035983 0.986092 -0.162257 102.950310 0.207800 0.166196 0.963949 1.017338 0.000000 0.000000 0.000000 1.000000
0.976957 -0.001890 -0.213430 0.113557 -0.032573 0.986927 -0.157839 102.879791 0.210938 0.161154 0.964124 0.701754 0.000000 0.000000 0.000000 1.000000
0.975936 -0.004196 -0.218019 -0.362578 -0.030313 0.987496 -0.154700 102.822044 0.215942 0.157586 0.963606 0.408704 0.000000 0.000000 0.000000 1.000000
0.974669 -0.005420 -0.223587 -0.777228 -0.029571 0.987806 -0.152852 102.780945 0.221689 0.155592 0.962624 0.139450 0.000000 0.000000 0.000000 1.000000
0.973607 -0.004933 -0.228178 -1.124135 -0.030640 0.987891 -0.152093 102.768837 0.226165 0.155070 0.961667 -0.110676 0.000000 0.000000 0.000000 1.000000
0.973184 -0.002530 -0.230013 -1.390999 -0.033454 0.987751 -0.152409 102.795975 0.227582 0.156017 0.961179 -0.339930 0.000000 0.000000 0.000000 1.000000
0.973445 0.001047 -0.228917 -1.543264 -0.037333 0.987328 -0.154238 102.858208 0.225855 0.158689 0.961149 -0.531999 0.000000 0.000000 0.000000 1.000000
0.973926 0.004176 -0.226829 -1.521279 -0.041019 0.986594 -0.157955 102.935387 0.223128 0.163141 0.961040 -0.657775 0.000000 0.000000 0.000000 1.000000
0.973974 0.005328 -0.226597 -1.262557 -0.043292 0.985691 -0.162905 103.000717 0.222487 0.168475 0.960269 -0.683906 0.000000 0.000000 0.000000 1.000000
0.973232 0.004308 -0.229783 -0.739798 -0.043838 0.984946 -0.167209 103.031639 0.225603 0.172807 0.958771 -0.584777 0.000000 0.000000 0.000000 1.000000
0.971879 0.002531 -0.235466 0.013996 -0.043483 0.984676 -0.168887 103.014709 0.231430 0.174377 0.957096 -0.355768 0.000000 0.000000 0.000000 1.000000
0.970455 0.001929 -0.241275 0.915097 -0.043565 0.984935 -0.167349 102.943108 0.237318 0.172916 0.955919 -0.020631 0.000000 0.000000 0.000000 1.000000
0.969383 0.003473 -0.245530 1.868532 -0.045023 0.985463 -0.163817 102.815071 0.241392 0.169856 0.955447 0.375719 0.000000 0.000000 0.000000 1.000000
0.968664 0.006688 -0.248283 2.805800 -0.047894 0.985906 -0.160300 102.635956 0.243711 0.167168 0.955332 0.787118 0.000000 0.000000 0.000000 1.000000
0.968066 0.010445 -0.250479 3.696908 -0.051541 0.986080 -0.158082 102.423233 0.245341 0.165944 0.955129 1.184559 0.000000 0.000000 0.000000 1.000000
0.967456 0.014019 -0.252652 4.537166 -0.055330 0.986022 -0.157160 102.204552 0.246917 0.166025 0.954708 1.559476 0.000000 0.000000 0.000000 1.000000
0.966870 0.017357 -0.254679 5.325707 -0.058993 0.985871 -0.156772 102.006287 0.248359 0.166603 0.954233 1.912019 0.000000 0.000000 0.000000 1.000000
0.966346 0.020567 -0.256424 6.051071 -0.062430 0.985750 -0.156204 101.843422 0.249557 0.166956 0.953859 2.236492 0.000000 0.000000 0.000000 1.000000
0.965867 0.023503 -0.257969 6.690722 -0.065420 0.985725 -0.155135 101.718468 0.250640 0.166716 0.953617 2.517209 0.000000 0.000000 0.000000 1.000000
0.965554 0.026020 -0.258900 7.219425 -0.067753 0.985807 -0.153607 101.630707 0.251229 0.165857 0.953612 2.735147 0.000000 0.000000 0.000000 1.000000
0.965809 0.028367 -0.257698 7.615695 -0.069507 0.985938 -0.151970 101.583397 0.249763 0.164685 0.954200 2.876022 0.000000 0.000000 0.000000 1.000000
0.967101 0.031097 -0.252483 7.867610 -0.071086 0.985998 -0.150847 101.583588 0.244257 0.163833 0.955770 2.933990 0.000000 0.000000 0.000000 1.000000
0.969446 0.034430 -0.242878 7.979945 -0.072820 0.985863 -0.150905 101.635223 0.234249 0.163981 0.958247 2.911343 0.000000 0.000000 0.000000 1.000000
0.972195 0.037734 -0.231114 7.977766 -0.074476 0.985511 -0.152384 101.729057 0.222016 0.165360 0.960919 2.817616 0.000000 0.000000 0.000000 1.000000
0.974459 0.039811 -0.221009 7.897471 -0.075345 0.985075 -0.154759 101.840836 0.211549 0.167458 0.962915 2.666652 0.000000 0.000000 0.000000 1.000000
0.975713 0.039864 -0.215396 7.766538 -0.074884 0.984761 -0.156964 101.941551 0.205856 0.169281 0.963829 2.472079 0.000000 0.000000 0.000000 1.000000
0.976037 0.038199 -0.214224 7.585474 -0.073238 0.984704 -0.158094 102.012779 0.204908 0.169995 0.963906 2.242002 0.000000 0.000000 0.000000 1.000000
0.975973 0.035973 -0.214903 7.328271 -0.071068 0.984896 -0.157888 102.055428 0.205978 0.169367 0.963788 1.977072 0.000000 0.000000 0.000000 1.000000
0.976151 0.034250 -0.214373 6.962930 -0.068971 0.985243 -0.156651 102.085175 0.205845 0.167700 0.964108 1.673348 0.000000 0.000000 0.000000 1.000000
0.976913 0.033306 -0.211026 6.475984 -0.067071 0.985645 -0.154934 102.119301 0.202837 0.165510 0.965124 1.327841 0.000000 0.000000 0.000000 1.000000
0.978172 0.032681 -0.205211 5.882545 -0.065109 0.986029 -0.153324 102.166153 0.197333 0.163339 0.966633 0.942999 0.000000 0.000000 0.000000 1.000000
0.979594 0.031732 -0.198466 5.217989 -0.062816 0.986329 -0.152349 102.223106 0.190918 0.161707 0.968195 0.527893 0.000000 0.000000 0.000000 1.000000
0.980837 0.030132 -0.192488 4.522367 -0.060195 0.986499 -0.152302 102.280373 0.185301 0.160971 0.969408 0.096043 0.000000 0.000000 0.000000 1.000000
0.981670 0.028002 -0.188520 3.829875 -0.057520 0.986553 -0.152986 102.325813 0.181701 0.161026 0.970080 -0.337582 0.000000 0.000000 0.000000 1.000000
0.981992 0.025732 -0.187161 3.166870 -0.055134 0.986588 -0.153639 102.351021 0.180697 0.161191 0.970240 -0.757343 0.000000 0.000000 0.000000 1.000000
0.981816 0.023636 -0.188359 2.553013 -0.053174 0.986741 -0.153346 102.356041 0.182237 0.160573 0.970054 -1.144912 0.000000 0.000000 0.000000 1.000000
0.981265 0.021666 -0.191442 2.000100 -0.051392 0.987089 -0.151705 102.351753 0.185684 0.158701 0.969709 -1.480195 0.000000 0.000000 0.000000 1.000000
0.980549 0.019504 -0.195302 1.509035 -0.049352 0.987581 -0.149155 102.353729 0.189967 0.155892 0.969335 -1.748029 0.000000 0.000000 0.000000 1.000000
0.979886 0.017072 -0.198828 1.072865 -0.046972 0.988072 -0.146654 102.369736 0.193953 0.153044 0.968999 -1.947307 0.000000 0.000000 0.000000 1.000000
0.979360 0.015048 -0.201562 0.692121 -0.045008 0.988422 -0.144899 102.389099 0.197048 0.150980 0.968699 -2.091660 0.000000 0.000000 0.000000 1.000000
0.978829 0.014618 -0.204159 0.390913 -0.044763 0.988590 -0.143827 102.388191 0.199727 0.149921 0.968314 -2.195114 0.000000 0.000000 0.000000 1.000000
0.978044 0.016261 -0.207762 0.203806 -0.046821 0.988609 -0.143036 102.356979 0.203070 0.149623 0.967665 -2.255365 0.000000 0.000000 0.000000 1.000000
0.977053 0.018663 -0.212178 0.124813 -0.049894 0.988492 -0.142806 102.323540 0.207071 0.150116 0.966740 -2.258370 0.000000 0.000000 0.000000 1.000000
0.976372 0.019494 -0.215214 0.081734 -0.051534 0.988193 -0.144289 102.338249 0.209860 0.151971 0.965849 -2.203463 0.000000 0.000000 0.000000 1.000000
0.976447 0.017602 -0.215040 -0.001357 -0.050425 0.987683 -0.148122 102.423271 0.209784 0.155477 0.965307 -2.112329 0.000000 0.000000 0.000000 1.000000
0.977134 0.013702 -0.212182 -0.136475 -0.047199 0.987002 -0.153622 102.556961 0.207319 0.160124 0.965080 -2.008234 0.000000 0.000000 0.000000 1.000000
0.978054 0.009105 -0.208151 -0.296167 -0.043187 0.986206 -0.159788 102.708290 0.203825 0.165271 0.964956 -1.902717 0.000000 0.000000 0.000000 1.000000</float_array>
        <technique_common>
          <accessor source="#mixamorig_Hips-Matrix-animation-output-transform-array" count="121" stride="16">
            <param type="float4x4"/>
          </accessor>
        </technique_common>
      </source>
      <source id="mixamorig_Hips-Interpolations">
        <Name_array id="mixamorig_Hips-Interpolations-array" count="121">
 LINEAR LINEAR LINEAR LINEAR LINEAR LINEAR LINEAR LINEAR LINEAR LINEAR LINEAR
LINEAR LINEAR LINEAR LINEAR LINEAR LINEAR LINEAR LINEAR LINEAR LINEAR LINEAR LINEAR
LINEAR LINEAR LINEAR LINEAR LINEAR LINEAR LINEAR LINEAR LINEAR LINEAR LINEAR LINEAR
LINEAR LINEAR LINEAR LINEAR LINEAR LINEAR LINEAR LINEAR LINEAR LINEAR LINEAR LINEAR
LINEAR LINEAR LINEAR LINEAR LINEAR LINEAR LINEAR LINEAR LINEAR LINEAR LINEAR LINEAR
LINEAR LINEAR LINEAR LINEAR LINEAR LINEAR LINEAR LINEAR LINEAR LINEAR LINEAR LINEAR
LINEAR LINEAR LINEAR LINEAR LINEAR LINEAR LINEAR LINEAR LINEAR LINEAR LINEAR LINEAR
LINEAR LINEAR LINEAR LINEAR LINEAR LINEAR LINEAR LINEAR LINEAR LINEAR LINEAR LINEAR
LINEAR LINEAR LINEAR LINEAR LINEAR LINEAR LINEAR LINEAR LINEAR LINEAR LINEAR LINEAR
LINEAR LINEAR LINEAR LINEAR LINEAR LINEAR LINEAR LINEAR LINEAR LINEAR LINEAR LINEAR
LINEAR LINEAR</Name_array>
        <technique_common>
          <accessor source="#mixamorig_Hips-Interpolations-array" count="121">
            <param type="name"/>
          </accessor>
        </technique_common>
      </source>
      <sampler id="mixamorig_Hips-Matrix-animation-transform">
        <input semantic="INPUT" source="#mixamorig_Hips-Matrix-animation-input"/>
        <input semantic="OUTPUT" source="#mixamorig_Hips-Matrix-animation-output-transform"/>
        <input semantic="INTERPOLATION" source="#mixamorig_Hips-Interpolations"/>
      </sampler>
      <channel source="#mixamorig_Hips-Matrix-animation-transform" target="mixamorig_Hips/matrix"/>
    </animation>
    <animation id="mixamorig_Spine-anim" name="mixamorig_Spine">
      <source id="mixamorig_Spine-Matrix-animation-input">
        <float_array id="mixamorig_Spine-Matrix-animation-input-array" count="121">

0.000000 0.033333 0.066667 0.100000 0.133333 0.166667 0.200000 0.233333 0.266667 0.300000 0.333333 0.366667 0.400000 0.433333 0.466667 0.500000
0.533333 0.566667 0.600000 0.633333 0.666667 0.700000 0.733333 0.766667 0.800000 0.833333 0.866667 0.900000 0.933333 0.966667 1.000000 1.033333
1.066667 1.100000 1.133333 1.166667 1.200000 1.233333 1.266667 1.300000 1.333333 1.366667 1.400000 1.433333 1.466667 1.500000 1.533333 1.566667
1.600000 1.633333 1.666667 1.700000 1.733333 1.766667 1.800000 1.833333 1.866667 1.900000 1.933333 1.966667 2.000000 2.033333 2.066667 2.100000
2.133333 2.166667 2.200000 2.233333 2.266667 2.300000 2.333333 2.366667 2.400000 2.433333 2.466667 2.500000 2.533333 2.566667 2.600000 2.633333
2.666667 2.700000 2.733333 2.766667 2.800000 2.833333 2.866667 2.900000 2.933333 2.966667 3.000000 3.033333 3.066667 3.100000 3.133333 3.166667
3.200000 3.233333 3.266667 3.300000 3.333333 3.366667 3.400000 3.433333 3.466667 3.500000 3.533333 3.566667 3.600000 3.633333 3.666667 3.700000
3.733333 3.766667 3.800000 3.833333 3.866667 3.900000 3.933333 3.966667 4.000000</float_array>
        <technique_common>
          <accessor source="#mixamorig_Spine-Matrix-animation-input-array" count="121">
            <param name="TIME" type="float"/>
          </accessor>
        </technique_common>
      </source>
      <source id="mixamorig_Spine-Matrix-animation-output-transform">
        <float_array id="mixamorig_Spine-Matrix-animation-output-transform-array" count="1936">

0.999512 -0.018228 -0.025348 -0.000900 0.014576 0.990400 -0.137463 9.938600 0.027610 0.137026 0.990183 0.799700 0.000000 0.000000 0.000000 1.000000
0.999467 -0.018516 -0.026882 -0.000900 0.014689 0.990581 -0.136135 9.938600 0.029149 0.135667 0.990326 0.799700 0.000000 0.000000 0.000000 1.000000
0.999421 -0.018786 -0.028371 -0.000900 0.014797 0.990761 -0.134810 9.938600 0.030642 0.134312 0.990465 0.799700 0.000000 0.000000 0.000000 1.000000
0.999375 -0.019164 -0.029691 -0.000900 0.015035 0.990930 -0.133539 9.938600 0.031981 0.133009 0.990599 0.799700 0.000000 0.000000 0.000000 1.000000
0.999332 -0.019732 -0.030758 -0.000900 0.015496 0.991084 -0.132334 9.938600 0.033095 0.131769 0.990728 0.799700 0.000000 0.000000 0.000000 1.000000
0.999297 -0.020406 -0.031462 -0.000900 0.016110 0.991225 -0.131201 9.938600 0.033863 0.130602 0.990856 0.799700 0.000000 0.000000 0.000000 1.000000
0.999279 -0.020950 -0.031659 -0.000900 0.016657 0.991342 -0.130246 9.938600 0.034114 0.129625 0.990976 0.799700 0.000000 0.000000 0.000000 1.000000
0.999282 -0.021185 -0.031411 -0.000900 0.016941 0.991408 -0.129704 9.938600 0.033889 0.129079 0.991055 0.799700 0.000000 0.000000 0.000000 1.000000
0.999292 -0.021192 -0.031094 -0.000900 0.016987 0.991399 -0.129770 9.938600 0.033577 0.129150 0.991056 0.799700 0.000000 0.000000 0.000000 1.000000
0.999294 -0.021195 -0.031011 -0.000900 0.016978 0.991313 -0.130424 9.938600 0.033506 0.129806 0.990973 0.799700 0.000000 0.000000 0.000000 1.000000
0.999289 -0.021326 -0.031079 -0.000900 0.017064 0.991174 -0.131462 9.938600 0.033608 0.130838 0.990834 0.799700 0.000000 0.000000 0.000000 1.000000
0.999285 -0.021597 -0.031043 -0.000900 0.017298 0.991015 -0.132624 9.938600 0.033628 0.131992 0.990680 0.799700 0.000000 0.000000 0.000000 1.000000
0.999284 -0.021996 -0.030783 -0.000900 0.017693 0.990868 -0.133669 9.938600 0.033442 0.133029 0.990548 0.799700 0.000000 0.000000 0.000000 1.000000
0.999284 -0.022523 -0.030392 -0.000900 0.018244 0.990760 -0.134394 9.938600 0.033138 0.133744 0.990462 0.799700 0.000000 0.000000 0.000000 1.000000
0.999279 -0.023165 -0.030089 -0.000900 0.018912 0.990710 -0.134666 9.938600 0.032929 0.134000 0.990434 0.799700 0.000000 0.000000 0.000000 1.000000
0.999262 -0.023873 -0.030094 -0.000900 0.019620 0.990726 -0.134454 9.938600 0.033025 0.133764 0.990463 0.799700 0.000000 0.000000 0.000000 1.000000
0.999232 -0.024570 -0.030533 -0.000900 0.020272 0.990795 -0.133847 9.938600 0.033540 0.133125 0.990532 0.799700 0.000000 0.000000 0.000000 1.000000
0.999191 -0.025172 -0.031377 -0.000900 0.020786 0.990895 -0.133026 9.938600 0.034440 0.132266 0.990616 0.799700 0.000000 0.000000 0.000000 1.000000
0.999144 -0.025636 -0.032451 -0.000900 0.021133 0.990995 -0.132217 9.938600 0.035549 0.131418 0.990689 0.799700 0.000000 0.000000 0.000000 1.000000
0.999101 -0.025983 -0.033495 -0.000900 0.021361 0.991070 -0.131624 9.938600 0.036616 0.130790 0.990734 0.799700 0.000000 0.000000 0.000000 1.000000
0.999067 -0.026275 -0.034275 -0.000900 0.021559 0.991099 -0.131367 9.938600 0.037421 0.130506 0.990741 0.799700 0.000000 0.000000 0.000000 1.000000
0.999045 -0.026573 -0.034670 -0.000900 0.021799 0.991081 -0.131463 9.938600 0.037854 0.130582 0.990715 0.799700 0.000000 0.000000 0.000000 1.000000
0.999035 -0.026898 -0.034707 -0.000900 0.022103 0.991026 -0.131830 9.938600 0.037942 0.130935 0.990665 0.799700 0.000000 0.000000 0.000000 1.000000
0.999033 -0.027232 -0.034527 -0.000900 0.022438 0.990951 -0.132336 9.938600 0.037818 0.131433 0.990603 0.799700 0.000000 0.000000 0.000000 1.000000
0.999032 -0.027523 -0.034312 -0.000900 0.022735 0.990875 -0.132853 9.938600 0.037655 0.131945 0.990542 0.799700 0.000000 0.000000 0.000000 1.000000
0.999031 -0.027698 -0.034216 -0.000900 0.022905 0.990812 -0.133293 9.938600 0.037593 0.132380 0.990486 0.799700 0.000000 0.000000 0.000000 1.000000
0.999028 -0.027701 -0.034300 -0.000900 0.022884 0.990768 -0.133626 9.938600 0.037685 0.132711 0.990438 0.799700 0.000000 0.000000 0.000000 1.000000
0.999025 -0.027516 -0.034525 -0.000900 0.022662 0.990739 -0.133879 9.938600 0.037889 0.132966 0.990396 0.799700 0.000000 0.000000 0.000000 1.000000
0.999025 -0.027149 -0.034804 -0.000900 0.022251 0.990715 -0.134119 9.938600 0.038122 0.133213 0.990354 0.799700 0.000000 0.000000 0.000000 1.000000
0.999030 -0.026620 -0.035084 -0.000900 0.021677 0.990686 -0.134433 9.938600 0.038336 0.133542 0.990301 0.799700 0.000000 0.000000 0.000000 1.000000
0.999036 -0.025978 -0.035380 -0.000900 0.020982 0.990636 -0.134908 9.938600 0.038554 0.134035 0.990226 0.799700 0.000000 0.000000 0.000000 1.000000
0.999040 -0.025303 -0.035768 -0.000900 0.020234 0.990557 -0.135598 9.938600 0.038861 0.134744 0.990118 0.799700 0.000000 0.000000 0.000000 1.000000
0.999035 -0.024678 -0.036324 -0.000900 0.019503 0.990448 -0.136503 9.938600 0.039345 0.135663 0.989974 0.799700 0.000000 0.000000 0.000000 1.000000
0.999022 -0.024123 -0.037059 -0.000900 0.018811 0.990318 -0.137538 9.938600 0.040018 0.136706 0.989803 0.799700 0.000000 0.000000 0.000000 1.000000
0.999005 -0.023581 -0.037846 -0.000900 0.018125 0.990192 -0.138534 9.938600 0.040742 0.137710 0.989634 0.799700 0.000000 0.000000 0.000000 1.000000
0.998999 -0.022936 -0.038416 -0.000900 0.017376 0.990100 -0.139281 9.938600 0.041230 0.138474 0.989507 0.799700 0.000000 0.000000 0.000000 1.000000
0.999018 -0.022034 -0.038432 -0.000900 0.016467 0.990072 -0.139592 9.938600 0.041126 0.138823 0.989463 0.799700 0.000000 0.000000 0.000000 1.000000
0.999077 -0.020759 -0.037606 -0.000900 0.015326 0.990120 -0.139385 9.938600 0.040128 0.138680 0.989524 0.799700 0.000000 0.000000 0.000000 1.000000
0.999176 -0.019089 -0.035820 -0.000900 0.013945 0.990233 -0.138721 9.938600 0.038118 0.138107 0.989684 0.799700 0.000000 0.000000 0.000000 1.000000
0.999302 -0.017133 -0.033206 -0.000900 0.012401 0.990383 -0.137799 9.938600 0.035248 0.137291 0.989903 0.799700 0.000000 0.000000 0.000000 1.000000
0.999432 -0.015101 -0.030142 -0.000900 0.010838 0.990528 -0.136885 9.938600 0.031923 0.136480 0.990128 0.799700 0.000000 0.000000 0.000000 1.000000
0.999544 -0.013248 -0.027152 -0.000900 0.009430 0.990636 -0.136204 9.938600 0.028702 0.135885 0.990309 0.799700 0.000000 0.000000 0.000000 1.000000
0.999624 -0.011804 -0.024732 -0.000900 0.008337 0.990694 -0.135850 9.938600 0.026106 0.135593 0.990421 0.799700 0.000000 0.000000 0.000000 1.000000
0.999672 -0.010929 -0.023173 -0.000900 0.007684 0.990714 -0.135746 9.938600 0.024441 0.135523 0.990473 0.799700 0.000000 0.000000 0.000000 1.000000
0.999691 -0.010675 -0.022458 -0.000900 0.007531 0.990725 -0.135671 9.938600 0.023698 0.135460 0.990499 0.799700 0.000000 0.000000 0.000000 1.000000
0.999691 -0.010965 -0.022292 -0.000900 0.007849 0.990765 -0.135363 9.938600 0.023571 0.135146 0.990545 0.799700 0.000000 0.000000 0.000000 1.000000
0.999685 -0.011633 -0.022217 -0.000900 0.008538 0.990858 -0.134637 9.938600 0.023581 0.134405 0.990646 0.799700 0.000000 0.000000 0.000000 1.000000
0.999685 -0.012485 -0.021788 -0.000900 0.009468 0.991008 -0.133467 9.938600 0.023259 0.133219 0.990814 0.799700 0.000000 0.000000 0.000000 1.000000
0.999696 -0.013343 -0.020739 -0.000900 0.010491 0.991194 -0.132003 9.938600 0.022318 0.131746 0.991032 0.799700 0.000000 0.000000 0.000000 1.000000
0.999719 -0.014087 -0.019059 -0.000900 0.011482 0.991381 -0.130506 9.938600 0.020733 0.130250 0.991264 0.799700 0.000000 0.000000 0.000000 1.000000
0.999749 -0.014655 -0.016962 -0.000900 0.012342 0.991536 -0.129247 9.938600 0.018713 0.129005 0.991467 0.799700 0.000000 0.000000 0.000000 1.000000
0.999778 -0.015032 -0.014788 -0.000900 0.013010 0.991635 -0.128413 9.938600 0.016595 0.128192 0.991610 0.799700 0.000000 0.000000 0.000000 1.000000
0.999801 -0.015232 -0.012857 -0.000900 0.013462 0.991676 -0.128049 9.938600 0.014700 0.127851 0.991684 0.799700 0.000000 0.000000 0.000000 1.000000
0.999818 -0.015304 -0.011363 -0.000900 0.013724 0.991671 -0.128062 9.938600 0.013228 0.127883 0.991701 0.799700 0.000000 0.000000 0.000000 1.000000
0.999829 -0.015292 -0.010352 -0.000900 0.013838 0.991641 -0.128282 9.938600 0.012227 0.128117 0.991684 0.799700 0.000000 0.000000 0.000000 1.000000
0.999837 -0.015222 -0.009751 -0.000900 0.013843 0.991609 -0.128534 9.938600 0.011625 0.128378 0.991657 0.799700 0.000000 0.000000 0.000000 1.000000
0.999841 -0.015113 -0.009434 -0.000900 0.013774 0.991587 -0.128704 9.938600 0.011300 0.128553 0.991638 0.799700 0.000000 0.000000 0.000000 1.000000
0.999844 -0.014996 -0.009281 -0.000900 0.013677 0.991581 -0.128763 9.938600 0.011134 0.128616 0.991632 0.799700 0.000000 0.000000 0.000000 1.000000
0.999847 -0.014892 -0.009217 -0.000900 0.013582 0.991585 -0.128745 9.938600 0.011057 0.128600 0.991635 0.799700 0.000000 0.000000 0.000000 1.000000
0.999848 -0.014777 -0.009217 -0.000900 0.013468 0.991593 -0.128696 9.938600 0.011041 0.128552 0.991641 0.799700 0.000000 0.000000 0.000000 1.000000
0.999851 -0.014572 -0.009286 -0.000900 0.013257 0.991603 -0.128639 9.938600 0.011083 0.128496 0.991648 0.799700 0.000000 0.000000 0.000000 1.000000
0.999855 -0.014185 -0.009417 -0.000900 0.012857 0.991618 -0.128562 9.938600 0.011162 0.128422 0.991657 0.799700 0.000000 0.000000 0.000000 1.000000
0.999862 -0.013564 -0.009558 -0.000900 0.012225 0.991643 -0.128431 9.938600 0.011220 0.128296 0.991672 0.799700 0.000000 0.000000 0.000000 1.000000
0.999873 -0.012703 -0.009628 -0.000900 0.011364 0.991681 -0.128213 9.938600 0.011177 0.128088 0.991700 0.799700 0.000000 0.000000 0.000000 1.000000
0.999887 -0.011633 -0.009539 -0.000900 0.010318 0.991733 -0.127907 9.938600 0.010948 0.127794 0.991740 0.799700 0.000000 0.000000 0.000000 1.000000
0.999903 -0.010403 -0.009242 -0.000900 0.009140 0.991790 -0.127553 9.938600 0.010493 0.127456 0.991789 0.799700 0.000000 0.000000 0.000000 1.000000
0.999921 -0.009061 -0.008754 -0.000900 0.007874 0.991842 -0.127232 9.938600 0.009836 0.127153 0.991834 0.799700 0.000000 0.000000 0.000000 1.000000
0.999937 -0.007643 -0.008166 -0.000900 0.006544 0.991875 -0.127050 9.938600 0.009070 0.126989 0.991863 0.799700 0.000000 0.000000 0.000000 1.000000
0.999952 -0.006191 -0.007606 -0.000900 0.005174 0.991875 -0.127108 9.938600 0.008331 0.127062 0.991860 0.799700 0.000000 0.000000 0.000000 1.000000
0.999963 -0.004760 -0.007192 -0.000900 0.003804 0.991834 -0.127476 9.938600 0.007740 0.127444 0.991816 0.799700 0.000000 0.000000 0.000000 1.000000
0.999970 -0.003437 -0.006978 -0.000900 0.002514 0.991748 -0.128179 9.938600 0.007361 0.128158 0.991726 0.799700 0.000000 0.000000 0.000000 1.000000
0.999973 -0.002345 -0.006930 -0.000900 0.001430 0.991620 -0.129184 9.938600 0.007175 0.129171 0.991596 0.799700 0.000000 0.000000 0.000000 1.000000
0.999975 -0.001554 -0.006967 -0.000900 0.000632 0.991460 -0.130406 9.938600 0.007110 0.130398 0.991436 0.799700 0.000000 0.000000 0.000000 1.000000
0.999975 -0.001119 -0.006964 -0.000900 0.000192 0.991287 -0.131723 9.938600 0.007051 0.131718 0.991262 0.799700 0.000000 0.000000 0.000000 1.000000
0.999976 -0.001074 -0.006806 -0.000900 0.000159 0.991118 -0.132987 9.938600 0.006888 0.132983 0.991094 0.799700 0.000000 0.000000 0.000000 1.000000
0.999978 -0.001361 -0.006470 -0.000900 0.000481 0.990975 -0.134048 9.938600 0.006594 0.134042 0.990954 0.799700 0.000000 0.000000 0.000000 1.000000
0.999980 -0.001912 -0.006037 -0.000900 0.001081 0.990876 -0.134772 9.938600 0.006240 0.134763 0.990858 0.799700 0.000000 0.000000 0.000000 1.000000
0.999980 -0.002659 -0.005694 -0.000900 0.001865 0.990835 -0.135061 9.938600 0.006000 0.135048 0.990821 0.799700 0.000000 0.000000 0.000000 1.000000
0.999977 -0.003564 -0.005686 -0.000900 0.002765 0.990857 -0.134885 9.938600 0.006115 0.134866 0.990845 0.799700 0.000000 0.000000 0.000000 1.000000
0.999970 -0.004645 -0.006241 -0.000900 0.003765 0.990934 -0.134300 9.938600 0.006809 0.134273 0.990921 0.799700 0.000000 0.000000 0.000000 1.000000
0.999954 -0.005953 -0.007485 -0.000900 0.004901 0.991042 -0.133457 9.938600 0.008212 0.133415 0.991026 0.799700 0.000000 0.000000 0.000000 1.000000
0.999928 -0.007550 -0.009379 -0.000900 0.006240 0.991153 -0.132579 9.938600 0.010297 0.132511 0.991128 0.799700 0.000000 0.000000 0.000000 1.000000
0.999887 -0.009462 -0.011714 -0.000900 0.007835 0.991232 -0.131902 9.938600 0.012859 0.131795 0.991194 0.799700 0.000000 0.000000 0.000000 1.000000
0.999832 -0.011642 -0.014160 -0.000900 0.009679 0.991255 -0.131604 9.938600 0.015568 0.131445 0.991201 0.799700 0.000000 0.000000 0.000000 1.000000
0.999769 -0.013926 -0.016388 -0.000900 0.011648 0.991216 -0.131742 9.938600 0.018079 0.131521 0.991149 0.799700 0.000000 0.000000 0.000000 1.000000
0.999706 -0.016058 -0.018172 -0.000900 0.013516 0.991128 -0.132225 9.938600 0.020134 0.131941 0.991053 0.799700 0.000000 0.000000 0.000000 1.000000
0.999653 -0.017786 -0.019421 -0.000900 0.015051 0.991024 -0.132835 9.938600 0.021610 0.132497 0.990948 0.799700 0.000000 0.000000 0.000000 1.000000
0.999618 -0.018935 -0.020156 -0.000900 0.016083 0.990944 -0.133309 9.938600 0.022498 0.132934 0.990870 0.799700 0.000000 0.000000 0.000000 1.000000
0.999602 -0.019413 -0.020477 -0.000900 0.016511 0.990922 -0.133423 9.938600 0.022881 0.133032 0.990848 0.799700 0.000000 0.000000 0.000000 1.000000
0.999605 -0.019224 -0.020501 -0.000900 0.016328 0.990969 -0.133093 9.938600 0.022874 0.132706 0.990891 0.799700 0.000000 0.000000 0.000000 1.000000
0.999623 -0.018479 -0.020329 -0.000900 0.015629 0.991073 -0.132402 9.938600 0.022594 0.132035 0.990988 0.799700 0.000000 0.000000 0.000000 1.000000
0.999648 -0.017362 -0.020048 -0.000900 0.014576 0.991199 -0.131572 9.938600 0.022156 0.131233 0.991104 0.799700 0.000000 0.000000 0.000000 1.000000
0.999676 -0.016068 -0.019757 -0.000900 0.013347 0.991310 -0.130868 9.938600 0.021689 0.130562 0.991203 0.799700 0.000000 0.000000 0.000000 1.000000
0.999699 -0.014828 -0.019550 -0.000900 0.012153 0.991373 -0.130503 9.938600 0.021317 0.130226 0.991255 0.799700 0.000000 0.000000 0.000000 1.000000
0.999714 -0.013862 -0.019499 -0.000900 0.011200 0.991378 -0.130557 9.938600 0.021141 0.130301 0.991249 0.799700 0.000000 0.000000 0.000000 1.000000
0.999719 -0.013332 -0.019620 -0.000900 0.010649 0.991329 -0.130973 9.938600 0.021196 0.130727 0.991192 0.799700 0.000000 0.000000 0.000000 1.000000
0.999714 -0.013310 -0.019858 -0.000900 0.010583 0.991246 -0.131602 9.938600 0.021436 0.131354 0.991104 0.799700 0.000000 0.000000 0.000000 1.000000
0.999703 -0.013759 -0.020097 -0.000900 0.010982 0.991151 -0.132281 9.938600 0.021740 0.132022 0.991008 0.799700 0.000000 0.000000 0.000000 1.000000
0.999690 -0.014548 -0.020210 -0.000900 0.011736 0.991061 -0.132896 9.938600 0.021963 0.132617 0.990924 0.799700 0.000000 0.000000 0.000000 1.000000
0.999677 -0.015510 -0.020115 -0.000900 0.012691 0.990981 -0.133401 9.938600 0.022002 0.133103 0.990858 0.799700 0.000000 0.000000 0.000000 1.000000
0.999667 -0.016500 -0.019820 -0.000900 0.013702 0.990912 -0.133815 9.938600 0.021848 0.133499 0.990808 0.799700 0.000000 0.000000 0.000000 1.000000
0.999659 -0.017436 -0.019439 -0.000900 0.014673 0.990848 -0.134180 9.938600 0.021600 0.133849 0.990766 0.799700 0.000000 0.000000 0.000000 1.000000
0.999649 -0.018296 -0.019148 -0.000900 0.015557 0.990787 -0.134530 9.938600 0.021433 0.134185 0.990724 0.799700 0.000000 0.000000 0.000000 1.000000
0.999635 -0.019083 -0.019122 -0.000900 0.016333 0.990727 -0.134880 9.938600 0.021518 0.134518 0.990677 0.799700 0.000000 0.000000 0.000000 1.000000
0.999615 -0.019784 -0.019453 -0.000900 0.016975 0.990668 -0.135235 9.938600 0.021947 0.134853 0.990623 0.799700 0.000000 0.000000 0.000000 1.000000
0.999591 -0.020328 -0.020107 -0.000900 0.017417 0.990608 -0.135616 9.938600 0.022675 0.135210 0.990557 0.799700 0.000000 0.000000 0.000000 1.000000
0.999569 -0.020590 -0.020934 -0.000900 0.017555 0.990545 -0.136060 9.938600 0.023537 0.135634 0.990479 0.799700 0.000000 0.000000 0.000000 1.000000
0.999555 -0.020443 -0.021724 -0.000900 0.017288 0.990472 -0.136621 9.938600 0.024310 0.136185 0.990385 0.799700 0.000000 0.000000 0.000000 1.000000
