<?xml version="1.0" encoding="utf-8"?>
<COLLADA xmlns="http://www.collada.org/2005/11/COLLADASchema" version="1.4.1">
  <asset>
    <contributor>
      <author>Mixamo</author>
      <authoring_tool>COLLADA Mixamo exporter</authoring_tool>
      <comments/>
    </contributor>
    <created>2023-02-13T02:22:54Z</created>
    <modified>2023-02-13T02:22:54Z</modified>
    <revision/>
    <title/>
    <unit meter="0.010000"/>
    <up_axis>Y_UP</up_axis>
  </asset>
  <library_animations>
    <animation id="mixamorig_Hips-anim" name="mixamorig_Hips">
      <source id="mixamorig_Hips-Matrix-animation-input">
        <float_array id="mixamorig_Hips-Matrix-animation-input-array" count="101">

0.000000 0.033333 0.066667 0.100000 0.133333 0.166667 0.200000 0.233333 0.266667 0.300000 0.333333 0.366667 0.400000 0.433333 0.466667 0.500000
0.533333 0.566667 0.600000 0.633333 0.666667 0.700000 0.733333 0.766667 0.800000 0.833333 0.866667 0.900000 0.933333 0.966667 1.000000 1.033333
1.066667 1.100000 1.133333 1.166667 1.200000 1.233333 1.266667 1.300000 1.333333 1.366667 1.400000 1.433333 1.466667 1.500000 1.533333 1.566667
1.600000 1.633333 1.666667 1.700000 1.733333 1.766667 1.800000 1.833333 1.866667 1.900000 1.933333 1.966667 2.000000 2.033333 2.066667 2.100000
2.133333 2.166667 2.200000 2.233333 2.266667 2.300000 2.333333 2.366667 2.400000 2.433333 2.466667 2.500000 2.533333 2.566667 2.600000 2.633333
2.666667 2.700000 2.733333 2.766667 2.800000 2.833333 2.866667 2.900000 2.933333 2.966667 3.000000 3.033333 3.066667 3.100000 3.133333 3.166667
3.200000 3.233333 3.266667 3.300000 3.333333</float_array>
        <technique_common>
          <accessor source="#mixamorig_Hips-Matrix-animation-input-array" count="101">
            <param name="TIME" type="float"/>
          </accessor>
        </technique_common>
      </source>
      <source id="mixamorig_Hips-Matrix-animation-output-transform">
        <float_array id="mixamorig_Hips-Matrix-animation-output-transform-array" count="1616">

0.949566 -0.004276 -0.313538 0.770014 -0.056969 0.980914 -0.185911 108.227455 0.308348 0.194397 0.931199 -2.894515 0.000000 0.000000 0.000000 1.000000
0.959089 -0.000988 -0.283105 0.453015 -0.048503 0.984635 -0.167752 108.400101 0.278921 0.174621 0.944305 -2.572305 0.000000 0.000000 0.000000 1.000000
0.968576 0.000808 -0.248716 0.128774 -0.038155 0.988641 -0.145372 108.669746 0.245774 0.150294 0.957605 -2.212495 0.000000 0.000000 0.000000 1.000000
0.977442 0.001821 -0.211198 -0.210866 -0.027746 0.992404 -0.119854 109.023270 0.209375 0.123010 0.970067 -1.864838 0.000000 0.000000 0.000000 1.000000
0.985229 0.003193 -0.171214 -0.563895 -0.019734 0.995282 -0.094997 109.441223 0.170103 0.096973 0.980643 -1.612319 0.000000 0.000000 0.000000 1.000000
0.991785 0.006283 -0.127761 -0.885546 -0.016216 0.996910 -0.076856 109.894440 0.126883 0.078297 0.988823 -1.493577 0.000000 0.000000 0.000000 1.000000
0.996990 0.011095 -0.076734 -1.085194 -0.016196 0.997676 -0.066181 110.460526 0.075822 0.067225 0.994853 -1.318445 0.000000 0.000000 0.000000 1.000000
0.999767 0.014556 -0.015916 -1.095328 -0.015364 0.998535 -0.051882 111.323738 0.015138 0.052115 0.998526 -0.627846 0.000000 0.000000 0.000000 1.000000
0.998767 0.012903 0.047933 -0.888856 -0.011957 0.999729 -0.019969 112.588806 -0.048178 0.019371 0.998651 0.985185 0.000000 0.000000 0.000000 1.000000
0.994837 0.004357 0.101388 -0.478354 -0.007204 0.999590 0.027727 113.942337 -0.101226 -0.028314 0.994460 3.451807 0.000000 0.000000 0.000000 1.000000
0.990728 -0.009587 0.135524 0.087344 -0.000586 0.997196 0.074827 114.781227 -0.135861 -0.074213 0.987944 6.316193 0.000000 0.000000 0.000000 1.000000
0.987633 -0.026653 0.154501 0.714668 0.009627 0.993894 0.109920 114.690964 -0.156487 -0.107073 0.981859 9.191299 0.000000 0.000000 0.000000 1.000000
0.983807 -0.044825 0.173537 1.299370 0.021467 0.990721 0.134208 113.676048 -0.177943 -0.128309 0.975640 11.940453 0.000000 0.000000 0.000000 1.000000
0.976411 -0.060051 0.207404 1.778146 0.028011 0.987659 0.154093 111.996124 -0.214097 -0.144649 0.966043 14.563094 0.000000 0.000000 0.000000 1.000000
0.963483 -0.071810 0.257960 2.102141 0.027031 0.984532 0.173110 109.859253 -0.266401 -0.159816 0.950521 17.072359 0.000000 0.000000 0.000000 1.000000
0.945762 -0.083535 0.313937 2.271945 0.023368 0.981364 0.190731 107.474564 -0.324019 -0.173051 0.930089 19.531006 0.000000 0.000000 0.000000 1.000000
0.927827 -0.097864 0.359944 2.317623 0.023063 0.978174 0.206503 105.095558 -0.372297 -0.183298 0.909833 22.032072 0.000000 0.000000 0.000000 1.000000
0.915240 -0.112868 0.386777 2.221966 0.026452 0.974723 0.221845 102.941406 -0.402040 -0.192810 0.895091 24.636948 0.000000 0.000000 0.000000 1.000000
0.909817 -0.124107 0.396019 1.947244 0.029519 0.971174 0.236536 101.011398 -0.413959 -0.203514 0.887254 27.283241 0.000000 0.000000 0.000000 1.000000
0.908983 -0.129194 0.396307 1.532621 0.029845 0.968487 0.247268 99.175903 -0.415764 -0.212935 0.884194 29.832752 0.000000 0.000000 0.000000 1.000000
0.909408 -0.130507 0.394898 1.063444 0.028997 0.967077 0.252827 97.247650 -0.414893 -0.218472 0.883252 32.186771 0.000000 0.000000 0.000000 1.000000
0.910276 -0.132361 0.392273 0.594473 0.029807 0.966009 0.256784 95.077736 -0.412928 -0.222052 0.883280 34.349041 0.000000 0.000000 0.000000 1.000000
0.912982 -0.136590 0.384456 0.130094 0.034012 0.964496 0.261897 92.496841 -0.406579 -0.226031 0.885214 36.313152 0.000000 0.000000 0.000000 1.000000
0.918654 -0.141976 0.368671 -0.372646 0.042557 0.963327 0.264935 89.295418 -0.392765 -0.227694 0.891006 38.039433 0.000000 0.000000 0.000000 1.000000
0.926613 -0.146463 0.346320 -0.961158 0.054872 0.963832 0.260801 85.292038 -0.371992 -0.222658 0.901136 39.508312 0.000000 0.000000 0.000000 1.000000
0.934927 -0.149638 0.321744 -1.617089 0.068914 0.966039 0.249038 80.497627 -0.348083 -0.210659 0.913488 40.736610 0.000000 0.000000 0.000000 1.000000
0.942188 -0.152291 0.298480 -2.235752 0.083014 0.969072 0.232396 75.011757 -0.324640 -0.194183 0.925690 41.697685 0.000000 0.000000 0.000000 1.000000
0.948712 -0.154387 0.275880 -2.749268 0.096791 0.972590 0.211425 69.004364 -0.300960 -0.173879 0.937651 42.372513 0.000000 0.000000 0.000000 1.000000
0.956238 -0.153347 0.249188 -3.108090 0.108308 0.976674 0.185410 62.453918 -0.271807 -0.150307 0.950541 42.786228 0.000000 0.000000 0.000000 1.000000
0.966593 -0.147815 0.209400 -3.233905 0.115407 0.980449 0.159375 55.362324 -0.228864 -0.129884 0.964754 43.059086 0.000000 0.000000 0.000000 1.000000
0.978943 -0.140585 0.148009 -2.923201 0.119480 0.982490 0.142959 48.179451 -0.165515 -0.122264 0.978599 43.314903 0.000000 0.000000 0.000000 1.000000
0.987860 -0.139400 0.068556 -2.233195 0.129652 0.982938 0.130471 41.932049 -0.085574 -0.119999 0.989079 43.341766 0.000000 0.000000 0.000000 1.000000
0.988902 -0.148514 -0.004096 -1.584707 0.148213 0.984229 0.096572 38.086380 -0.010311 -0.096107 0.995318 43.104637 0.000000 0.000000 0.000000 1.000000
0.985215 -0.164314 -0.048497 -1.354960 0.166039 0.985535 0.033951 37.268089 0.042217 -0.041501 0.998246 42.793262 0.000000 0.000000 0.000000 1.000000
0.983725 -0.166399 -0.067791 -1.026019 0.164972 0.985951 -0.026173 38.934750 0.071194 0.014563 0.997356 42.850899 0.000000 0.000000 0.000000 1.000000
0.984675 -0.151806 -0.085850 -0.577885 0.148317 0.987884 -0.045689 41.591728 0.091746 0.032255 0.995260 43.451958 0.000000 0.000000 0.000000 1.000000
0.984042 -0.139102 -0.110955 -0.437432 0.138096 0.990277 -0.016731 44.268311 0.112204 0.001141 0.993685 44.805656 0.000000 0.000000 0.000000 1.000000
0.983126 -0.130292 -0.128402 -0.649895 0.134560 0.990587 0.025104 46.275219 0.123923 -0.041958 0.991404 46.816277 0.000000 0.000000 0.000000 1.000000
0.984460 -0.115997 -0.131845 -1.001984 0.122317 0.991650 0.040861 47.340240 0.126004 -0.056353 0.990428 49.205971 0.000000 0.000000 0.000000 1.000000
0.986149 -0.094110 -0.136580 -1.351810 0.099566 0.994461 0.033669 47.655758 0.132655 -0.046801 0.990057 51.828789 0.000000 0.000000 0.000000 1.000000
0.985085 -0.066924 -0.158522 -1.642140 0.072991 0.996794 0.032761 47.655025 0.155821 -0.043843 0.986812 54.558418 0.000000 0.000000 0.000000 1.000000
0.979745 -0.038586 -0.196497 -1.851014 0.048854 0.997667 0.047676 47.805920 0.194199 -0.056310 0.979345 57.245560 0.000000 0.000000 0.000000 1.000000
0.971693 -0.015570 -0.235735 -1.938817 0.030807 0.997657 0.061089 48.363567 0.234232 -0.066622 0.969895 59.835602 0.000000 0.000000 0.000000 1.000000
0.965852 -0.001807 -0.259088 -1.856017 0.017264 0.998202 0.057398 49.253689 0.258518 -0.059911 0.964147 62.397587 0.000000 0.000000 0.000000 1.000000
0.966488 0.004329 -0.256673 -1.620378 0.006035 0.999198 0.039578 50.198524 0.256639 -0.039801 0.965687 65.056183 0.000000 0.000000 0.000000 1.000000
0.973355 0.008636 -0.229141 -1.313797 -0.003891 0.999769 0.021152 50.920074 0.229271 -0.019697 0.973163 67.898460 0.000000 0.000000 0.000000 1.000000
0.982400 0.015350 -0.186157 -1.024175 -0.013374 0.999840 0.011865 51.265888 0.186310 -0.009167 0.982448 70.948326 0.000000 0.000000 0.000000 1.000000
0.989966 0.024142 -0.139230 -0.772686 -0.022785 0.999676 0.011331 51.220802 0.139459 -0.008045 0.990195 74.157539 0.000000 0.000000 0.000000 1.000000
0.995017 0.032916 -0.094120 -0.512163 -0.031839 0.999410 0.012914 50.870403 0.094489 -0.009853 0.995477 77.460007 0.000000 0.000000 0.000000 1.000000
0.997816 0.040069 -0.052508 -0.206897 -0.039598 0.999166 0.009985 50.303459 0.052864 -0.007884 0.998571 80.803093 0.000000 0.000000 0.000000 1.000000
0.998846 0.044936 -0.016975 0.139153 -0.044983 0.998985 -0.002383 49.572197 0.016851 0.003144 0.999853 84.164078 0.000000 0.000000 0.000000 1.000000
0.998885 0.046431 0.008530 0.477789 -0.046179 0.998549 -0.027707 48.665401 -0.009804 0.027282 0.999580 87.483261 0.000000 0.000000 0.000000 1.000000
0.998758 0.043757 0.023839 0.752317 -0.042084 0.996888 -0.066664 47.559612 -0.026682 0.065578 0.997491 90.681892 0.000000 0.000000 0.000000 1.000000
0.998781 0.037539 0.032046 0.892645 -0.033571 0.992629 -0.116454 46.250439 -0.036181 0.115236 0.992679 93.746033 0.000000 0.000000 0.000000 1.000000
0.998643 0.033547 0.039828 0.849760 -0.026113 0.984338 -0.174347 44.779873 -0.045053 0.173071 0.983878 96.754761 0.000000 0.000000 0.000000 1.000000
0.998040 0.036397 0.050906 0.603073 -0.023152 0.970501 -0.239984 43.166069 -0.058139 0.238335 0.969441 99.778038 0.000000 0.000000 0.000000 1.000000
0.996896 0.042878 0.066025 0.234037 -0.020085 0.949435 -0.313319 41.313160 -0.076121 0.311021 0.947350 102.871384 0.000000 0.000000 0.000000 1.000000
0.995721 0.042232 0.082198 -0.180006 -0.006620 0.919780 -0.392378 39.031551 -0.092175 0.390155 0.916124 106.020065 0.000000 0.000000 0.000000 1.000000
0.994274 0.033974 0.101317 -0.662527 0.018259 0.880162 -0.474322 36.258934 -0.105290 0.473456 0.874502 109.169258 0.000000 0.000000 0.000000 1.000000
0.991349 0.029811 0.127818 -1.320156 0.046719 0.829925 -0.555915 33.068882 -0.122652 0.557077 0.821353 112.274231 0.000000 0.000000 0.000000 1.000000
0.986091 0.037163 0.161999 -2.197998 0.075258 0.769204 -0.634556 29.478844 -0.148192 0.637922 0.755708 115.313316 0.000000 0.000000 0.000000 1.000000
0.978572 0.050479 0.199620 -3.238303 0.108417 0.697882 -0.707959 25.374636 -0.175049 0.714432 0.677455 118.270050 0.000000 0.000000 0.000000 1.000000
0.969822 0.060334 0.236230 -4.390851 0.149742 0.617236 -0.772397 20.737986 -0.192411 0.784462 0.589575 121.059837 0.000000 0.000000 0.000000 1.000000
0.959331 0.071534 0.273069 -5.671542 0.195717 0.528541 -0.826038 16.199406 -0.203418 0.845889 0.493045 123.547386 0.000000 0.000000 0.000000 1.000000
0.940443 0.109311 0.321897 -7.098131 0.248049 0.426844 -0.869641 13.163957 -0.232461 0.897695 0.374308 125.515160 0.000000 0.000000 0.000000 1.000000
0.898205 0.190159 0.396318 -8.627059 0.330022 0.303838 -0.893738 12.633656 -0.290368 0.933554 0.210152 127.060028 0.000000 0.000000 0.000000 1.000000
0.828172 0.279108 0.486035 -10.220953 0.456868 0.166142 -0.873881 14.048470 -0.324658 0.945778 0.010079 128.868210 0.000000 0.000000 0.000000 1.000000
0.764716 0.310434 0.564659 -12.026115 0.582414 0.041924 -0.811811 16.243198 -0.275687 0.949670 -0.148742 131.481873 0.000000 0.000000 0.000000 1.000000
0.740947 0.264715 0.617190 -14.225654 0.648279 -0.042030 -0.760242 18.594015 -0.175307 0.963410 -0.202751 134.997665 0.000000 0.000000 0.000000 1.000000
0.746538 0.188726 0.638015 -16.664234 0.659399 -0.081974 -0.747311 20.814291 -0.088736 0.978602 -0.185643 138.726379 0.000000 0.000000 0.000000 1.000000
0.753325 0.136134 0.643404 -18.895031 0.656725 -0.103895 -0.746939 22.364929 -0.034838 0.985228 -0.167669 142.003952 0.000000 0.000000 0.000000 1.000000
0.744921 0.119342 0.656392 -20.670694 0.667130 -0.141399 -0.731398 22.882965 0.005527 0.982733 -0.184948 144.805740 0.000000 0.000000 0.000000 1.000000
0.728152 0.124815 0.673955 -22.193729 0.683753 -0.200716 -0.701566 22.752953 0.047708 0.971666 -0.231495 147.175430 0.000000 0.000000 0.000000 1.000000
0.722874 0.138672 0.676922 -23.776867 0.686178 -0.259358 -0.679627 22.404312 0.081320 0.955774 -0.282637 149.052094 0.000000 0.000000 0.000000 1.000000
0.738144 0.154270 0.656768 -25.278978 0.669140 -0.291506 -0.683576 21.735626 0.085997 0.944047 -0.318401 150.307022 0.000000 0.000000 0.000000 1.000000
0.766980 0.170361 0.618643 -26.222668 0.639153 -0.288156 -0.713057 20.460287 0.056789 0.942308 -0.329896 150.962372 0.000000 0.000000 0.000000 1.000000
0.798429 0.187909 0.572015 -26.461958 0.602066 -0.257431 -0.755808 18.753639 0.005232 0.947850 -0.318674 151.080795 0.000000 0.000000 0.000000 1.000000
0.823249 0.205546 0.529162 -26.324816 0.565563 -0.216532 -0.795772 17.245718 -0.048988 0.954392 -0.294509 150.536636 0.000000 0.000000 0.000000 1.000000
0.834909 0.219132 0.504885 -26.305628 0.543905 -0.188110 -0.817791 16.511675 -0.084230 0.957390 -0.276241 149.422714 0.000000 0.000000 0.000000 1.000000
0.832379 0.234192 0.502294 -26.218437 0.545774 -0.188891 -0.816364 16.533394 -0.096307 0.953664 -0.285045 148.273254 0.000000 0.000000 0.000000 1.000000
0.821840 0.261134 0.506347 -25.768383 0.561299 -0.218902 -0.798139 17.028730 -0.097580 0.940155 -0.326477 147.499313 0.000000 0.000000 0.000000 1.000000
0.813913 0.296638 0.499551 -25.360893 0.572135 -0.259716 -0.777952 17.700062 -0.101029 0.918996 -0.381103 146.872787 0.000000 0.000000 0.000000 1.000000
0.813738 0.327994 0.479845 -25.205236 0.569072 -0.281604 -0.772565 18.011740 -0.118271 0.901731 -0.415804 146.444687 0.000000 0.000000 0.000000 1.000000
0.817427 0.346303 0.460312 -25.156645 0.556069 -0.265842 -0.787474 17.413502 -0.150334 0.899668 -0.409875 146.308853 0.000000 0.000000 0.000000 1.000000
0.818614 0.352384 0.453539 -25.121586 0.543758 -0.221250 -0.809553 16.050678 -0.184928 0.909326 -0.372730 146.227646 0.000000 0.000000 0.000000 1.000000
0.816522 0.351635 0.457869 -25.133339 0.538033 -0.175946 -0.824356 14.787888 -0.209312 0.919454 -0.332855 145.871140 0.000000 0.000000 0.000000 1.000000
0.816360 0.349002 0.460167 -25.100483 0.533451 -0.150315 -0.832368 14.277159 -0.221328 0.924988 -0.308887 145.345886 0.000000 0.000000 0.000000 1.000000
0.822725 0.347004 0.450235 -24.922211 0.521327 -0.144883 -0.840968 14.366968 -0.226588 0.926605 -0.300101 144.811218 0.000000 0.000000 0.000000 1.000000
0.833659 0.345003 0.431260 -24.691736 0.502976 -0.151781 -0.850869 14.584539 -0.228095 0.926248 -0.300062 144.409897 0.000000 0.000000 0.000000 1.000000
0.843023 0.342057 0.415102 -24.560638 0.488489 -0.163843 -0.857050 14.667259 -0.225149 0.925285 -0.305214 144.184921 0.000000 0.000000 0.000000 1.000000
0.846645 0.339166 0.410072 -24.517128 0.484853 -0.174021 -0.857108 14.591967 -0.219341 0.924491 -0.311779 144.112488 0.000000 0.000000 0.000000 1.000000
0.844958 0.337383 0.414992 -24.493113 0.489781 -0.176415 -0.853810 14.421854 -0.214850 0.924689 -0.314307 144.038803 0.000000 0.000000 0.000000 1.000000
0.840849 0.336948 0.423603 -24.432030 0.496807 -0.169810 -0.851086 14.236415 -0.214840 0.926083 -0.310183 143.987350 0.000000 0.000000 0.000000 1.000000
0.837203 0.336827 0.430858 -24.365286 0.501609 -0.159039 -0.850350 14.108001 -0.217898 0.928038 -0.302103 143.955750 0.000000 0.000000 0.000000 1.000000
0.835307 0.336015 0.435150 -24.324255 0.503754 -0.150749 -0.850592 14.036092 -0.220213 0.929714 -0.295191 143.933380 0.000000 0.000000 0.000000 1.000000
0.834996 0.334600 0.436834 -24.265207 0.504387 -0.148101 -0.850682 13.964171 -0.219942 0.930650 -0.292432 143.915985 0.000000 0.000000 0.000000 1.000000
0.835878 0.332915 0.436436 -24.182457 0.503749 -0.149402 -0.850833 13.895460 -0.218051 0.931046 -0.292587 143.900986 0.000000 0.000000 0.000000 1.000000
0.837986 0.330313 0.434365 -24.088556 0.501221 -0.151164 -0.852014 13.837418 -0.215771 0.931688 -0.292233 143.886581 0.000000 0.000000 0.000000 1.000000
0.841552 0.325646 0.430982 -24.009829 0.496502 -0.152026 -0.854619 13.795170 -0.212783 0.933190 -0.289622 143.871140 0.000000 0.000000 0.000000 1.000000
0.846481 0.318798 0.426425 -23.968426 0.489949 -0.152957 -0.858227 13.769592 -0.208377 0.935399 -0.285670 143.855408 0.000000 0.000000 0.000000 1.000000
0.852342 0.310667 0.420712 -23.980858 0.482123 -0.155031 -0.862278 13.761101 -0.202658 0.937791 -0.281920 143.841049 0.000000 0.000000 0.000000 1.000000</float_array>
        <technique_common>
          <accessor source="#mixamorig_Hips-Matrix-animation-output-transform-array" count="101" stride="16">
            <param type="float4x4"/>
          </accessor>
        </technique_common>
      </source>
      <source id="mixamorig_Hips-Interpolations">
        <Name_array id="mixamorig_Hips-Interpolations-array" count="101">
 LINEAR LINEAR LINEAR LINEAR LINEAR LINEAR LINEAR LINEAR LINEAR LINEAR LINEAR
LINEAR LINEAR LINEAR LINEAR LINEAR LINEAR LINEAR LINEAR LINEAR LINEAR LINEAR LINEAR
LINEAR LINEAR LINEAR LINEAR LINEAR LINEAR LINEAR LINEAR LINEAR LINEAR LINEAR LINEAR
LINEAR LINEAR LINEAR LINEAR LINEAR LINEAR LINEAR LINEAR LINEAR LINEAR LINEAR LINEAR
LINEAR LINEAR LINEAR LINEAR LINEAR LINEAR LINEAR LINEAR LINEAR LINEAR LINEAR LINEAR
LINEAR LINEAR LINEAR LINEAR LINEAR LINEAR LINEAR LINEAR LINEAR LINEAR LINEAR LINEAR
LINEAR LINEAR LINEAR LINEAR LINEAR LINEAR LINEAR LINEAR LINEAR LINEAR LINEAR LINEAR
LINEAR LINEAR LINEAR LINEAR LINEAR LINEAR LINEAR LINEAR LINEAR LINEAR LINEAR LINEAR
LINEAR LINEAR LINEAR LINEAR LINEAR LINEAR</Name_array>
        <technique_common>
          <accessor source="#mixamorig_Hips-Interpolations-array" count="101">
            <param type="name"/>
          </accessor>
        </technique_common>
      </source>
      <sampler id="mixamorig_Hips-Matrix-animation-transform">
        <input semantic="INPUT" source="#mixamorig_Hips-Matrix-animation-input"/>
        <input semantic="OUTPUT" source="#mixamorig_Hips-Matrix-animation-output-transform"/>
        <input semantic="INTERPOLATION" source="#mixamorig_Hips-Interpolations"/>
      </sampler>
      <channel source="#mixamorig_Hips-Matrix-animation-transform" target="mixamorig_Hips/matrix"/>
    </animation>
    <animation id="mixamorig_Spine-anim" name="mixamorig_Spine">
      <source id="mixamorig_Spine-Matrix-animation-input">
        <float_array id="mixamorig_Spine-Matrix-animation-input-array" count="101">

0.000000 0.033333 0.066667 0.100000 0.133333 0.166667 0.200000 0.233333 0.266667 0.300000 0.333333 0.366667 0.400000 0.433333 0.466667 0.500000
0.533333 0.566667 0.600000 0.633333 0.666667 0.700000 0.733333 0.766667 0.800000 0.833333 0.866667 0.900000 0.933333 0.966667 1.000000 1.033333
1.066667 1.100000 1.133333 1.166667 1.200000 1.233333 1.266667 1.300000 1.333333 1.366667 1.400000 1.433333 1.466667 1.500000 1.533333 1.566667
1.600000 1.633333 1.666667 1.700000 1.733333 1.766667 1.800000 1.833333 1.866667 1.900000 1.933333 1.966667 2.000000 2.033333 2.066667 2.100000
2.133333 2.166667 2.200000 2.233333 2.266667 2.300000 2.333333 2.366667 2.400000 2.433333 2.466667 2.500000 2.533333 2.566667 2.600000 2.633333
2.666667 2.700000 2.733333 2.766667 2.800000 2.833333 2.866667 2.900000 2.933333 2.966667 3.000000 3.033333 3.066667 3.100000 3.133333 3.166667
3.200000 3.233333 3.266667 3.300000 3.333333</float_array>
        <technique_common>
          <accessor source="#mixamorig_Spine-Matrix-animation-input-array" count="101">
            <param name="TIME" type="float"/>
          </accessor>
        </technique_common>
      </source>
      <source id="mixamorig_Spine-Matrix-animation-output-transform">
        <float_array id="mixamorig_Spine-Matrix-animation-output-transform-array" count="1616">

0.999490 -0.030350 -0.009898 -0.000900 0.030139 0.999329 -0.020810 9.938600 0.010523 0.020501 0.999734 0.799700 0.000000 0.000000 0.000000 1.000000
0.999616 -0.026063 -0.009452 -0.000900 0.025772 0.999228 -0.029637 9.938600 0.010217 0.029382 0.999516 0.799700 0.000000 0.000000 0.000000 1.000000
0.999759 -0.020512 -0.007865 -0.000900 0.020194 0.999052 -0.038570 9.938600 0.008649 0.038402 0.999225 0.799700 0.000000 0.000000 0.000000 1.000000
0.999862 -0.014849 -0.007443 -0.000900 0.014463 0.998670 -0.049495 9.938600 0.008168 0.049380 0.998747 0.799700 0.000000 0.000000 0.000000 1.000000
0.999965 -0.008054 -0.002072 -0.000900 0.007907 0.997963 -0.063298 9.938600 0.002577 0.063279 0.997993 0.799700 0.000000 0.000000 0.000000 1.000000
0.999988 -0.003646 -0.003228 -0.000900 0.003394 0.997186 -0.074889 9.938600 0.003492 0.074877 0.997187 0.799700 0.000000 0.000000 0.000000 1.000000
0.999994 0.000095 0.003395 -0.000900 0.000220 0.995717 -0.092448 9.938600 -0.003390 0.092449 0.995712 0.799700 0.000000 0.000000 0.000000 1.000000
0.999965 -0.000049 0.008380 -0.000900 0.000761 0.996383 -0.084974 9.938600 -0.008346 0.084978 0.996348 0.799700 0.000000 0.000000 0.000000 1.000000
0.999538 -0.008485 0.029192 -0.000900 0.010522 0.997468 -0.070336 9.938600 -0.028521 0.070611 0.997096 0.799700 0.000000 0.000000 0.000000 1.000000
0.999030 -0.016408 0.040863 -0.000900 0.018395 0.998642 -0.048735 9.938600 -0.040008 0.049439 0.997976 0.799700 0.000000 0.000000 0.000000 1.000000
0.998651 -0.029448 0.042771 -0.000900 0.030056 0.999455 -0.013644 9.938600 -0.042346 0.014912 0.998992 0.799700 0.000000 0.000000 0.000000 1.000000
0.997760 -0.039999 0.053620 -0.000900 0.039199 0.999105 0.015885 9.938600 -0.054208 -0.013748 0.998435 0.799700 0.000000 0.000000 0.000000 1.000000
0.996181 -0.047453 0.073291 -0.000900 0.044284 0.998037 0.044278 9.938600 -0.075248 -0.040863 0.996327 0.799700 0.000000 0.000000 0.000000 1.000000
0.994985 -0.053723 0.084371 -0.000900 0.048244 0.996673 0.065695 9.938600 -0.087619 -0.061295 0.994266 0.799700 0.000000 0.000000 0.000000 1.000000
0.994135 -0.059732 0.090151 -0.000900 0.052651 0.995485 0.078981 9.938600 -0.094461 -0.073771 0.992791 0.799700 0.000000 0.000000 0.000000 1.000000
0.993116 -0.052652 0.104633 -0.000900 0.043594 0.995250 0.087050 9.938600 -0.108719 -0.081890 0.990694 0.799700 0.000000 0.000000 0.000000 1.000000
0.990910 -0.033133 0.130385 -0.000900 0.020267 0.994901 0.098795 9.938600 -0.132994 -0.095254 0.986529 0.799700 0.000000 0.000000 0.000000 1.000000
0.987066 -0.010133 0.159996 -0.000900 -0.008440 0.993331 0.114984 9.938600 -0.160094 -0.114847 0.980398 0.799700 0.000000 0.000000 0.000000 1.000000
0.981741 0.011908 0.189847 -0.000900 -0.035726 0.991821 0.122534 9.938600 -0.186836 -0.127079 0.974137 0.799700 0.000000 0.000000 0.000000 1.000000
0.976333 0.024168 0.214916 -0.000900 -0.053082 0.990118 0.129805 9.938600 -0.209655 -0.138141 0.967968 0.799700 0.000000 0.000000 0.000000 1.000000
0.973585 0.032636 0.225982 -0.000900 -0.065062 0.988353 0.137567 9.938600 -0.218860 -0.148636 0.964369 0.799700 0.000000 0.000000 0.000000 1.000000
0.972514 0.036919 0.229899 -0.000900 -0.071642 0.986897 0.144577 9.938600 -0.221549 -0.157074 0.962416 0.799700 0.000000 0.000000 0.000000 1.000000
0.972171 0.035668 0.231540 -0.000900 -0.070074 0.987365 0.142124 9.938600 -0.223546 -0.154394 0.962388 0.799700 0.000000 0.000000 0.000000 1.000000
0.971211 0.033253 0.235888 -0.000900 -0.066423 0.988739 0.134101 9.938600 -0.228772 -0.145908 0.962483 0.799700 0.000000 0.000000 0.000000 1.000000
0.968442 0.033439 0.246986 -0.000900 -0.065722 0.990148 0.123646 9.938600 -0.240419 -0.135977 0.961098 0.799700 0.000000 0.000000 0.000000 1.000000
0.963856 0.035088 0.264104 -0.000900 -0.065896 0.991887 0.108711 9.938600 -0.258147 -0.122185 0.958348 0.799700 0.000000 0.000000 0.000000 1.000000
0.959299 0.039630 0.279598 -0.000900 -0.066680 0.993895 0.087905 9.938600 -0.274407 -0.102970 0.956085 0.799700 0.000000 0.000000 0.000000 1.000000
0.956432 0.042278 0.288876 -0.000900 -0.063585 0.995872 0.064772 9.938600 -0.284945 -0.080318 0.955173 0.799700 0.000000 0.000000 0.000000 1.000000
0.957462 0.036534 0.286239 -0.000900 -0.049601 0.998026 0.038531 9.938600 -0.284266 -0.051090 0.957383 0.799700 0.000000 0.000000 0.000000 1.000000
0.957860 0.022310 0.286368 -0.000900 -0.026886 0.999566 0.012059 9.938600 -0.285975 -0.019250 0.958044 0.799700 0.000000 0.000000 0.000000 1.000000
0.958707 0.008500 0.284269 -0.000900 -0.004018 0.999858 -0.016344 9.938600 -0.284367 0.014527 0.958605 0.799700 0.000000 0.000000 0.000000 1.000000
0.961438 -0.005215 0.274972 -0.000900 0.031123 0.995460 -0.089944 9.938600 -0.273255 0.095034 0.957236 0.799700 0.000000 0.000000 0.000000 1.000000
0.960756 -0.021033 0.276597 -0.000900 0.064054 0.986995 -0.147438 9.938600 -0.269899 0.159369 0.949608 0.799700 0.000000 0.000000 0.000000 1.000000
0.971255 -0.019211 0.237265 -0.000900 0.057511 0.986148 -0.155577 9.938600 -0.230990 0.164750 0.958906 0.799700 0.000000 0.000000 0.000000 1.000000
0.977813 -0.079532 0.193795 -0.000900 0.104217 0.987204 -0.120694 9.938600 -0.181716 0.138213 0.973589 0.799700 0.000000 0.000000 0.000000 1.000000
0.985029 -0.122974 0.120812 -0.000900 0.130362 0.989926 -0.055253 9.938600 -0.112801 0.070175 0.991136 0.799700 0.000000 0.000000 0.000000 1.000000
0.990737 -0.127380 0.047064 -0.000900 0.130316 0.989291 -0.065730 9.938600 -0.038187 0.071255 0.996727 0.799700 0.000000 0.000000 0.000000 1.000000
0.993180 -0.115108 -0.018511 -0.000900 0.112848 0.989021 -0.095406 9.938600 0.029290 0.092667 0.995266 0.799700 0.000000 0.000000 0.000000 1.000000
0.991029 -0.110413 -0.075297 -0.000900 0.103012 0.990040 -0.095967 9.938600 0.085144 0.087349 0.992532 0.799700 0.000000 0.000000 0.000000 1.000000
0.985186 -0.110175 -0.131419 -0.000900 0.101005 0.992090 -0.074535 9.938600 0.138591 0.060156 0.988521 0.799700 0.000000 0.000000 0.000000 1.000000
0.978713 -0.112765 -0.171481 -0.000900 0.103107 0.992593 -0.064253 9.938600 0.177456 0.045204 0.983090 0.799700 0.000000 0.000000 0.000000 1.000000
0.973422 -0.117276 -0.196712 -0.000900 0.106188 0.992151 -0.066035 9.938600 0.202912 0.043392 0.978235 0.799700 0.000000 0.000000 0.000000 1.000000
0.970555 -0.120399 -0.208632 -0.000900 0.111275 0.992268 -0.054975 9.938600 0.213638 0.030141 0.976448 0.799700 0.000000 0.000000 0.000000 1.000000
0.970315 -0.124368 -0.207418 -0.000900 0.122009 0.992234 -0.024180 9.938600 0.208815 -0.001845 0.977953 0.799700 0.000000 0.000000 0.000000 1.000000
0.970527 -0.128836 -0.203664 -0.000900 0.134923 0.990723 0.016230 9.938600 0.199683 -0.043231 0.978906 0.799700 0.000000 0.000000 0.000000 1.000000
0.969319 -0.133830 -0.206178 -0.000900 0.149106 0.986978 0.060355 9.938600 0.195416 -0.089245 0.976651 0.799700 0.000000 0.000000 0.000000 1.000000
0.968928 -0.135228 -0.207103 -0.000900 0.157710 0.982796 0.096127 9.938600 0.190541 -0.125802 0.973585 0.799700 0.000000 0.000000 0.000000 1.000000
0.971333 -0.129475 -0.199368 -0.000900 0.156235 0.979793 0.124883 9.938600 0.179171 -0.152451 0.971934 0.799700 0.000000 0.000000 0.000000 1.000000
0.975656 -0.120887 -0.182982 -0.000900 0.149066 0.977536 0.149007 9.938600 0.160858 -0.172656 0.971759 0.799700 0.000000 0.000000 0.000000 1.000000
0.978655 -0.109978 -0.173606 -0.000900 0.139589 0.975719 0.168785 9.938600 0.150828 -0.189415 0.970244 0.799700 0.000000 0.000000 0.000000 1.000000
0.981069 -0.100711 -0.165408 -0.000900 0.131472 0.973513 0.187048 9.938600 0.142190 -0.205254 0.968325 0.799700 0.000000 0.000000 0.000000 1.000000
0.983725 -0.089606 -0.155741 -0.000900 0.120854 0.971382 0.204479 9.938600 0.132962 -0.219973 0.966402 0.799700 0.000000 0.000000 0.000000 1.000000
0.986326 -0.079591 -0.144315 -0.000900 0.111265 0.967560 0.226821 9.938600 0.121581 -0.239776 0.963185 0.799700 0.000000 0.000000 0.000000 1.000000
0.988859 -0.066672 -0.133088 -0.000900 0.098274 0.963945 0.247290 9.938600 0.111802 -0.257614 0.959758 0.799700 0.000000 0.000000 0.000000 1.000000
0.990919 -0.056264 -0.122122 -0.000900 0.086961 0.960893 0.262910 9.938600 0.102553 -0.271143 0.957060 0.799700 0.000000 0.000000 0.000000 1.000000
0.993633 -0.048566 -0.101656 -0.000900 0.074887 0.958841 0.273890 9.938600 0.084170 -0.279759 0.956373 0.799700 0.000000 0.000000 0.000000 1.000000
0.994409 -0.054174 -0.090641 -0.000900 0.078280 0.954296 0.288428 9.938600 0.070873 -0.293911 0.953202 0.799700 0.000000 0.000000 0.000000 1.000000
0.995858 -0.049117 -0.076511 -0.000900 0.069459 0.954009 0.291622 9.938600 0.058669 -0.295728 0.953469 0.799700 0.000000 0.000000 0.000000 1.000000
0.998551 -0.022113 -0.049051 -0.000900 0.035786 0.953724 0.298547 9.938600 0.040179 -0.299870 0.953134 0.799700 0.000000 0.000000 0.000000 1.000000
0.999676 0.004822 -0.025003 -0.000900 0.002944 0.953436 0.301580 9.938600 0.025293 -0.301556 0.953113 0.799700 0.000000 0.000000 0.000000 1.000000
0.999529 0.030600 -0.002442 -0.000900 -0.028578 0.956625 0.289918 9.938600 0.011207 -0.289712 0.957048 0.799700 0.000000 0.000000 0.000000 1.000000
0.997756 0.064052 0.019523 -0.000900 -0.066944 0.960819 0.268970 9.938600 -0.001530 -0.269673 0.962951 0.799700 0.000000 0.000000 0.000000 1.000000
0.995094 0.093496 0.032343 -0.000900 -0.098560 0.965207 0.242200 9.938600 -0.008573 -0.244199 0.969687 0.799700 0.000000 0.000000 0.000000 1.000000
0.990516 0.125573 0.055764 -0.000900 -0.134132 0.971712 0.194383 9.938600 -0.029777 -0.200020 0.979339 0.799700 0.000000 0.000000 0.000000 1.000000
0.985394 0.138040 0.099717 -0.000900 -0.149341 0.981897 0.116516 9.938600 -0.081828 -0.129706 0.988170 0.799700 0.000000 0.000000 0.000000 1.000000
0.974305 0.113721 0.194418 -0.000900 -0.125546 0.990848 0.049585 9.938600 -0.187000 -0.072719 0.979665 0.799700 0.000000 0.000000 0.000000 1.000000
0.974044 0.014903 0.225869 -0.000900 -0.013769 0.999883 -0.006593 9.938600 -0.225941 0.003312 0.974135 0.799700 0.000000 0.000000 0.000000 1.000000
0.984377 0.045038 0.170218 -0.000900 -0.052535 0.997826 0.039796 9.938600 -0.168056 -0.048116 0.984602 0.799700 0.000000 0.000000 0.000000 1.000000
0.978363 0.150046 0.142447 -0.000900 -0.151612 0.988440 0.000136 9.938600 -0.140780 -0.021730 0.989802 0.799700 0.000000 0.000000 0.000000 1.000000
0.965694 0.222424 0.134028 -0.000900 -0.215772 0.974445 -0.062450 9.938600 -0.144493 0.031388 0.989008 0.799700 0.000000 0.000000 0.000000 1.000000
0.948817 0.272923 0.158933 -0.000900 -0.253877 0.958432 -0.130213 9.938600 -0.187864 0.083199 0.978665 0.799700 0.000000 0.000000 0.000000 1.000000
0.937248 0.332617 0.104557 -0.000900 -0.317641 0.938215 -0.137317 9.938600 -0.143771 0.095488 0.984993 0.799700 0.000000 0.000000 0.000000 1.000000
0.923966 0.378668 0.053823 -0.000900 -0.372320 0.922696 -0.100046 9.938600 -0.087546 0.072400 0.993526 0.799700 0.000000 0.000000 0.000000 1.000000
0.914080 0.403993 0.035317 -0.000900 -0.400299 0.912800 -0.080969 9.938600 -0.064948 0.059875 0.996091 0.799700 0.000000 0.000000 0.000000 1.000000
0.910159 0.414145 0.009705 -0.000900 -0.413280 0.909369 -0.047405 9.938600 -0.028458 0.039135 0.998829 0.799700 0.000000 0.000000 0.000000 1.000000
0.911594 0.409755 -0.033119 -0.000900 -0.410619 0.911449 -0.025568 9.938600 0.019710 0.036907 0.999124 0.799700 0.000000 0.000000 0.000000 1.000000
0.918568 0.389669 -0.066271 -0.000900 -0.391351 0.920133 -0.014111 9.938600 0.055479 0.038897 0.997702 0.799700 0.000000 0.000000 0.000000 1.000000
0.934223 0.349387 -0.071803 -0.000900 -0.350916 0.936358 -0.009516 9.938600 0.063909 0.034087 0.997373 0.799700 0.000000 0.000000 0.000000 1.000000
0.940129 0.329438 -0.087337 -0.000900 -0.332645 0.942728 -0.024712 9.938600 0.074194 0.052285 0.995872 0.799700 0.000000 0.000000 0.000000 1.000000
0.939035 0.323667 -0.115988 -0.000900 -0.326146 0.945316 -0.002537 9.938600 0.108824 0.040211 0.993247 0.799700 0.000000 0.000000 0.000000 1.000000
0.942462 0.304246 -0.138565 -0.000900 -0.301306 0.952592 0.042236 9.938600 0.144846 0.001944 0.989452 0.799700 0.000000 0.000000 0.000000 1.000000
0.944512 0.284553 -0.164093 -0.000900 -0.272906 0.957812 0.090104 9.938600 0.182809 -0.040322 0.982321 0.799700 0.000000 0.000000 0.000000 1.000000
0.948233 0.265246 -0.174638 -0.000900 -0.246524 0.961460 0.121741 9.938600 0.200199 -0.072386 0.977078 0.799700 0.000000 0.000000 0.000000 1.000000
0.953945 0.248867 -0.167494 -0.000900 -0.231711 0.965906 0.115480 9.938600 0.190523 -0.071351 0.979086 0.799700 0.000000 0.000000 0.000000 1.000000
0.960311 0.233399 -0.152736 -0.000900 -0.223131 0.971378 0.081468 9.938600 0.167379 -0.044154 0.984903 0.799700 0.000000 0.000000 0.000000 1.000000
0.964428 0.222705 -0.142411 -0.000900 -0.217370 0.974693 0.052186 9.938600 0.150429 -0.019374 0.988431 0.799700 0.000000 0.000000 0.000000 1.000000
0.966270 0.218178 -0.136824 -0.000900 -0.215324 0.975897 0.035508 9.938600 0.141273 -0.004849 0.989959 0.799700 0.000000 0.000000 0.000000 1.000000
0.968728 0.212803 -0.127595 -0.000900 -0.210527 0.977089 0.031226 9.938600 0.131317 -0.003387 0.991335 0.799700 0.000000 0.000000 0.000000 1.000000
0.970543 0.211520 -0.115347 -0.000900 -0.208937 0.977332 0.034177 9.938600 0.119962 -0.009070 0.992737 0.799700 0.000000 0.000000 0.000000 1.000000
0.970793 0.217165 -0.101984 -0.000900 -0.213963 0.975961 0.041483 9.938600 0.108542 -0.018451 0.993921 0.799700 0.000000 0.000000 0.000000 1.000000
0.970168 0.221744 -0.097994 -0.000900 -0.217980 0.974786 0.047708 9.938600 0.106103 -0.024924 0.994043 0.799700 0.000000 0.000000 0.000000 1.000000
0.969674 0.224816 -0.095863 -0.000900 -0.221144 0.974084 0.047490 9.938600 0.104056 -0.024850 0.994261 0.799700 0.000000 0.000000 0.000000 1.000000
0.970303 0.221552 -0.097094 -0.000900 -0.218539 0.974976 0.040772 9.938600 0.103697 -0.018342 0.994440 0.799700 0.000000 0.000000 0.000000 1.000000
0.971324 0.215956 -0.099459 -0.000900 -0.213711 0.976345 0.032833 9.938600 0.104197 -0.010636 0.994500 0.799700 0.000000 0.000000 0.000000 1.000000
0.972085 0.211835 -0.100881 -0.000900 -0.210139 0.977291 0.027277 9.938600 0.104369 -0.005316 0.994524 0.799700 0.000000 0.000000 0.000000 1.000000
0.972349 0.210418 -0.101305 -0.000900 -0.208891 0.977605 0.025573 9.938600 0.104417 -0.003704 0.994527 0.799700 0.000000 0.000000 0.000000 1.000000
0.972302 0.211348 -0.099802 -0.000900 -0.209503 0.977386 0.028738 9.938600 0.103619 -0.007033 0.994592 0.799700 0.000000 0.000000 0.000000 1.000000
0.972303 0.213173 -0.095830 -0.000900 -0.211077 0.976958 0.031616 9.938600 0.100362 -0.010512 0.994895 0.799700 0.000000 0.000000 0.000000 1.000000
0.972187 0.215845 -0.090903 -0.000900 -0.213688 0.976346 0.032944 9.938600 0.095864 -0.012603 0.995315 0.799700 0.000000 0.000000 0.000000 1.000000
0.971610 0.220655 -0.085350 -0.000900 -0.218456 0.975240 0.034414 9.938600 0.090831 -0.014792 0.995756 0.799700 0.000000 0.000000 0.000000 1.000000
0.971077 0.225512 -0.078447 -0.000900 -0.223318 0.974088 0.035810 9.938600 0.084490 -0.017256 0.996275 0.799700 0.000000 0.000000 0.000000 1.000000</float_array>
        <technique_common>
          <accessor source="#mixamorig_Spine-Matrix-animation-output-transform-array" count="101" stride="16">
            <param type="float4x4"/>
          </accessor>
        </technique_common>
      </source>
      <source id="mixamorig_Spine-Interpolations">
        <Name_array id="mixamorig_Spine-Interpolations-array" count="101">
 LINEAR LINEAR LINEAR LINEAR LINEAR LINEAR LINEAR LINEAR LINEAR LINEAR LINEAR
LINEAR LINEAR LINEAR LINEAR LINEAR LINEAR LINEAR LINEAR LINEAR LINEAR LINEAR LINEAR
LINEAR LINEAR LINEAR LINEAR LINEAR LINEAR LINEAR LINEAR LINEAR LINEAR LINEAR LINEAR
LINEAR LINEAR LINEAR LINEAR LINEAR LINEAR LINEAR LINEAR LINEAR LINEAR LINEAR LINEAR
LINEAR LINEAR LINEAR LINEAR LINEAR LINEAR LINEAR LINEAR LINEAR LINEAR LINEAR LINEAR
LINEAR LINEAR LINEAR LINEAR LINEAR LINEAR LINEAR LINEAR LINEAR LINEAR LINEAR LINEAR
LINEAR LINEAR LINEAR LINEAR LINEAR LINEAR LINEAR LINEAR LINEAR LINEAR LINEAR LINEAR
LINEAR LINEAR LINEAR LINEAR LINEAR LINEAR LINEAR LINEAR LINEAR LINEAR LINEAR LINEAR
LINEAR LINEAR LINEAR LINEAR LINEAR LINEAR</Name_array>
        <technique_common>
          <accessor source="#mixamorig_Spine-Interpolations-array" count="101">
            <param type="name"/>
          </accessor>
        </technique_common>
      </source>
      <sampler id="mixamorig_Spine-Matrix-animation-transform">
        <input semantic="INPUT" source="#mixamorig_Spine-Matrix-animation-input"/>
        <input semantic="OUTPUT" source="#mixamorig_Spine-Matrix-animation-output-transform"/>
        <input semantic="INTERPOLATION" source="#mixamorig_Spine-Interpolations"/>
      </sampler>
      <channel source="#mixamorig_Spine-Matrix-animation-transform" target="mixamorig_Spine/matrix"/>
    </animation>
    <animation id="mixamorig_Spine1-anim" name="mixamorig_Spine1">
      <source id="mixamorig_Spine1-Matrix-animation-input">
        <float_array id="mixamorig_Spine1-Matrix-animation-input-array" count="101">

0.000000 0.033333 0.066667 0.100000 0.133333 0.166667 0.200000 0.233333 0.266667 0.300000 0.333333 0.366667 0.400000 0.433333 0.466667 0.500000
0.533333 0.566667 0.600000 0.633333 0.666667 0.700000 0.733333 0.766667 0.800000 0.833333 0.866667 0.900000 0.933333 0.966667 1.000000 1.033333
1.066667 1.100000 1.133333 1.166667 1.200000 1.233333 1.266667 1.300000 1.333333 1.366667 1.400000 1.433333 1.466667 1.500000 1.533333 1.566667
1.600000 1.633333 1.666667 1.700000 1.733333 1.766667 1.800000 1.833333 1.866667 1.900000 1.933333 1.966667 2.000000 2.033333 2.066667 2.100000
2.133333 2.166667 2.200000 2.233333 2.266667 2.300000 2.333333 2.366667 2.400000 2.433333 2.466667 2.500000 2.533333 2.566667 2.600000 2.633333
2.666667 2.700000 2.733333 2.766667 2.800000 2.833333 2.866667 2.900000 2.933333 2.966667 3.000000 3.033333 3.066667 3.100000 3.133333 3.166667
3.200000 3.233333 3.266667 3.300000 3.333333</float_array>
        <technique_common>
          <accessor source="#mixamorig_Spine1-Matrix-animation-input-array" count="101">
            <param name="TIME" type="float"/>
          </accessor>
        </technique_common>
      </source>
      <source id="mixamorig_Spine1-Matrix-animation-output-transform">
        <float_array id="mixamorig_Spine1-Matrix-animation-output-transform-array" count="1616">

0.999491 -0.023412 -0.021651 -0.000000 0.021731 0.996955 -0.074885 11.597900 0.023339 0.074377 0.996957 -0.000000 0.000000 0.000000 0.000000 1.000000
0.999578 -0.021062 -0.020009 0.000000 0.019677 0.997554 -0.067069 11.597900 0.021373 0.066647 0.997548 -0.000000 0.000000 0.000000 0.000000 1.000000
0.999679 -0.018066 -0.017780 0.000000 0.017003 0.998160 -0.058200 11.597900 0.018799 0.057879 0.998147 0.000000 0.000000 0.000000 0.000000 1.000000
0.999759 -0.015155 -0.015911 0.000000 0.014352 0.998676 -0.049394 11.597900 0.016639 0.049154 0.998653 0.000000 0.000000 0.000000 0.000000 1.000000
0.999846 -0.013367 -0.011359 0.000000 0.012897 0.999098 -0.040461 11.597900 0.011889 0.040308 0.999117 0.000000 0.000000 0.000000 0.000000 1.000000
0.999904 -0.008912 -0.010608 -0.000000 0.008575 0.999470 -0.031391 11.597900 0.010882 0.031297 0.999451 0.000000 0.000000 0.000000 0.000000 1.000000
0.999958 -0.007064 -0.005794 0.000000 0.006921 0.999680 -0.024314 11.597900 0.005964 0.024272 0.999688 0.000000 0.000000 0.000000 0.000000 1.000000
0.999970 -0.007536 -0.001764 0.000000 0.007518 0.999919 -0.010269 11.597900 0.001842 0.010255 0.999946 0.000000 0.000000 0.000000 0.000000 1.000000
