<?xml version="1.0" encoding="utf-8"?>
<COLLADA xmlns="http://www.collada.org/2005/11/COLLADASchema" version="1.4.1">
  <asset>
    <contributor>
      <author>Mixamo</author>
      <authoring_tool>COLLADA Mixamo exporter</authoring_tool>
      <comments/>
    </contributor>
    <created>2023-02-13T20:05:06Z</created>
    <modified>2023-02-13T20:05:06Z</modified>
    <revision/>
    <title/>
    <unit meter="0.010000"/>
    <up_axis>Y_UP</up_axis>
  </asset>
  <library_animations>
    <animation id="mixamorig_Hips-anim" name="mixamorig_Hips">
      <source id="mixamorig_Hips-Matrix-animation-input">
        <float_array id="mixamorig_Hips-Matrix-animation-input-array" count="142">

0.000000 0.033333 0.066667 0.100000 0.133333 0.166667 0.200000 0.233333 0.266667 0.300000 0.333333 0.366667 0.400000 0.433333 0.466667 0.500000
0.533333 0.566667 0.600000 0.633333 0.666667 0.700000 0.733333 0.766667 0.800000 0.833333 0.866667 0.900000 0.933333 0.966667 1.000000 1.033333
1.066667 1.100000 1.133333 1.166667 1.200000 1.233333 1.266667 1.300000 1.333333 1.366667 1.400000 1.433333 1.466667 1.500000 1.533333 1.566667
1.600000 1.633333 1.666667 1.700000 1.733333 1.766667 1.800000 1.833333 1.866667 1.900000 1.933333 1.966667 2.000000 2.033333 2.066667 2.100000
2.133333 2.166667 2.200000 2.233333 2.266667 2.300000 2.333333 2.366667 2.400000 2.433333 2.466667 2.500000 2.533333 2.566667 2.600000 2.633333
2.666667 2.700000 2.733333 2.766667 2.800000 2.833333 2.866667 2.900000 2.933333 2.966667 3.000000 3.033333 3.066667 3.100000 3.133333 3.166667
3.200000 3.233333 3.266667 3.300000 3.333333 3.366667 3.400000 3.433333 3.466667 3.500000 3.533333 3.566667 3.600000 3.633333 3.666667 3.700000
3.733333 3.766667 3.800000 3.833333 3.866667 3.900000 3.933333 3.966667 4.000000 4.033333 4.066667 4.100000 4.133333 4.166667 4.200000 4.233333
4.266667 4.300000 4.333333 4.366667 4.400000 4.433333 4.466667 4.500000 4.533333 4.566667 4.600000 4.633333 4.666667 4.700000</float_array>
        <technique_common>
          <accessor source="#mixamorig_Hips-Matrix-animation-input-array" count="142">
            <param name="TIME" type="float"/>
          </accessor>
        </technique_common>
      </source>
      <source id="mixamorig_Hips-Matrix-animation-output-transform">
        <float_array id="mixamorig_Hips-Matrix-animation-output-transform-array" count="2272">

0.999056 0.004988 -0.043148 0.048318 -0.018416 0.948313 -0.316803 111.523499 0.039337 0.317298 0.947510 -16.853855 0.000000 0.000000 0.000000 1.000000
0.999068 0.004811 -0.042906 0.043195 -0.018184 0.948216 -0.317105 111.522850 0.039159 0.317589 0.947419 -16.862904 0.000000 0.000000 0.000000 1.000000
0.999068 0.004618 -0.042914 0.046263 -0.018027 0.948032 -0.317663 111.518135 0.039217 0.318140 0.947232 -16.857092 0.000000 0.000000 0.000000 1.000000
0.999052 0.004520 -0.043289 0.058142 -0.018082 0.947802 -0.318346 111.507339 0.039591 0.318827 0.946986 -16.832478 0.000000 0.000000 0.000000 1.000000
0.999027 0.004542 -0.043878 0.073784 -0.018315 0.947611 -0.318901 111.494530 0.040131 0.319395 0.946772 -16.798697 0.000000 0.000000 0.000000 1.000000
0.999005 0.004535 -0.044373 0.091702 -0.018486 0.947455 -0.319356 111.483688 0.040593 0.319858 0.946596 -16.763000 0.000000 0.000000 0.000000 1.000000
0.998990 0.004345 -0.044730 0.113550 -0.018439 0.947309 -0.319792 111.477730 0.040984 0.320293 0.946432 -16.727087 0.000000 0.000000 0.000000 1.000000
0.998968 0.004100 -0.045225 0.134650 -0.018384 0.947174 -0.320193 111.474640 0.041523 0.320694 0.946272 -16.689844 0.000000 0.000000 0.000000 1.000000
0.998921 0.004315 -0.046249 0.146837 -0.018922 0.947116 -0.320332 111.471695 0.042421 0.320861 0.946176 -16.650953 0.000000 0.000000 0.000000 1.000000
0.998830 0.004964 -0.048094 0.145825 -0.020133 0.947077 -0.320376 111.459373 0.043958 0.320969 0.946069 -16.605295 0.000000 0.000000 0.000000 1.000000
0.998701 0.005953 -0.050615 0.131950 -0.021885 0.947014 -0.320445 111.434456 0.046025 0.321136 0.945914 -16.550859 0.000000 0.000000 0.000000 1.000000
0.998542 0.007983 -0.053390 0.091382 -0.024731 0.946764 -0.320976 111.422997 0.047985 0.321828 0.945581 -16.495115 0.000000 0.000000 0.000000 1.000000
0.998443 0.011568 -0.054571 0.006202 -0.028566 0.946294 -0.322042 111.419884 0.047915 0.323100 0.945151 -16.427855 0.000000 0.000000 0.000000 1.000000
0.998434 0.015851 -0.053642 -0.091807 -0.032379 0.945777 -0.323200 111.414650 0.045610 0.324430 0.944809 -16.334467 0.000000 0.000000 0.000000 1.000000
0.998504 0.019607 -0.051035 -0.144280 -0.035096 0.945619 -0.323377 111.423317 0.041919 0.324684 0.944893 -16.199465 0.000000 0.000000 0.000000 1.000000
0.998591 0.022889 -0.047873 -0.130218 -0.037161 0.945669 -0.323000 111.453369 0.037879 0.324324 0.945187 -16.011688 0.000000 0.000000 0.000000 1.000000
0.998656 0.026315 -0.044652 -0.048248 -0.039323 0.945921 -0.322004 111.498520 0.033764 0.323327 0.945685 -15.780389 0.000000 0.000000 0.000000 1.000000
0.998744 0.029530 -0.040477 0.110379 -0.040909 0.947045 -0.318485 111.558128 0.028929 0.319741 0.947063 -15.507792 0.000000 0.000000 0.000000 1.000000
0.998868 0.030663 -0.036367 0.340274 -0.040545 0.948632 -0.313772 111.623405 0.024878 0.314891 0.948802 -15.211071 0.000000 0.000000 0.000000 1.000000
0.998963 0.029801 -0.034411 0.605301 -0.039007 0.950063 -0.309611 111.672638 0.023466 0.310633 0.950240 -14.934327 0.000000 0.000000 0.000000 1.000000
0.998972 0.029039 -0.034796 0.850636 -0.038305 0.951331 -0.305780 111.705299 0.024223 0.306799 0.951466 -14.700678 0.000000 0.000000 0.000000 1.000000
0.998888 0.029253 -0.036969 1.041821 -0.039081 0.952400 -0.302337 111.725105 0.026365 0.303445 0.952484 -14.513554 0.000000 0.000000 0.000000 1.000000
0.998740 0.029869 -0.040329 1.172944 -0.040607 0.953186 -0.299647 111.732590 0.029491 0.300907 0.953197 -14.369738 0.000000 0.000000 0.000000 1.000000
0.998576 0.030571 -0.043709 1.255517 -0.042247 0.953550 -0.298256 111.756348 0.032561 0.299678 0.953485 -14.251218 0.000000 0.000000 0.000000 1.000000
0.998456 0.031257 -0.045928 1.309327 -0.043545 0.953698 -0.297596 111.806786 0.034499 0.299136 0.953587 -14.145171 0.000000 0.000000 0.000000 1.000000
0.998398 0.032352 -0.046419 1.340246 -0.044724 0.953766 -0.297204 111.878006 0.034657 0.298804 0.953685 -14.052837 0.000000 0.000000 0.000000 1.000000
0.998381 0.034045 -0.045576 1.354234 -0.046086 0.953728 -0.297118 111.982437 0.033352 0.298738 0.953752 -13.957523 0.000000 0.000000 0.000000 1.000000
0.998357 0.036800 -0.043926 1.351732 -0.048213 0.953726 -0.296786 112.102699 0.030972 0.298416 0.953933 -13.862303 0.000000 0.000000 0.000000 1.000000
0.998300 0.040396 -0.042025 1.338487 -0.051057 0.953825 -0.295992 112.221916 0.028127 0.297635 0.954265 -13.780486 0.000000 0.000000 0.000000 1.000000
0.998252 0.043924 -0.039535 1.329661 -0.053659 0.953998 -0.294974 112.321419 0.024760 0.296579 0.954687 -13.720911 0.000000 0.000000 0.000000 1.000000
0.998260 0.046740 -0.035955 1.332571 -0.055278 0.954029 -0.294572 112.373276 0.020533 0.296047 0.954953 -13.695312 0.000000 0.000000 0.000000 1.000000
0.998316 0.048651 -0.031596 1.351369 -0.055833 0.953643 -0.295716 112.356071 0.015745 0.296982 0.954753 -13.711637 0.000000 0.000000 0.000000 1.000000
0.998386 0.049888 -0.027153 1.391456 -0.055725 0.952851 -0.298277 112.277054 0.010992 0.299309 0.954093 -13.768563 0.000000 0.000000 0.000000 1.000000
0.998438 0.050418 -0.024096 1.463608 -0.055339 0.951952 -0.301205 112.161278 0.007752 0.302068 0.953255 -13.858558 0.000000 0.000000 0.000000 1.000000
0.998461 0.050116 -0.023739 1.571619 -0.054962 0.951283 -0.303380 112.029465 0.007378 0.304218 0.952574 -13.970599 0.000000 0.000000 0.000000 1.000000
0.998466 0.049055 -0.025679 1.695752 -0.054549 0.951018 -0.304283 111.892868 0.009495 0.305217 0.952235 -14.098259 0.000000 0.000000 0.000000 1.000000
0.998410 0.047718 -0.029995 1.841650 -0.054582 0.951270 -0.303490 111.784058 0.014051 0.304645 0.952362 -14.229815 0.000000 0.000000 0.000000 1.000000
0.998260 0.046458 -0.036303 1.999134 -0.055263 0.951866 -0.301493 111.721146 0.020549 0.302975 0.952777 -14.361551 0.000000 0.000000 0.000000 1.000000
0.998004 0.045300 -0.044005 2.150316 -0.056431 0.952493 -0.299288 111.690033 0.028357 0.301174 0.953148 -14.500180 0.000000 0.000000 0.000000 1.000000
0.997682 0.044004 -0.051907 2.274839 -0.057504 0.953046 -0.297315 111.665619 0.036387 0.299611 0.953367 -14.645572 0.000000 0.000000 0.000000 1.000000
0.997361 0.042828 -0.058627 2.353117 -0.058313 0.953589 -0.295410 111.628540 0.043254 0.298049 0.953570 -14.777758 0.000000 0.000000 0.000000 1.000000
0.997170 0.041871 -0.062445 2.369146 -0.058449 0.954147 -0.293576 111.594582 0.047290 0.296395 0.953894 -14.874064 0.000000 0.000000 0.000000 1.000000
0.997211 0.041345 -0.062141 2.317198 -0.057777 0.954669 -0.292007 111.587967 0.047251 0.294783 0.954395 -14.925293 0.000000 0.000000 0.000000 1.000000
0.997436 0.041644 -0.058200 2.201080 -0.056834 0.955160 -0.290585 111.611511 0.043490 0.293148 0.955078 -14.936168 0.000000 0.000000 0.000000 1.000000
0.997707 0.043647 -0.051734 2.029813 -0.056794 0.955634 -0.289030 111.649902 0.036823 0.291305 0.955921 -14.916103 0.000000 0.000000 0.000000 1.000000
0.997885 0.046967 -0.044944 1.824415 -0.057958 0.955909 -0.287888 111.711487 0.029441 0.289884 0.956609 -14.878744 0.000000 0.000000 0.000000 1.000000
0.997986 0.050388 -0.038528 1.610015 -0.059354 0.956068 -0.287075 111.804565 0.022370 0.288783 0.957133 -14.822968 0.000000 0.000000 0.000000 1.000000
0.998062 0.052807 -0.032914 1.413095 -0.060038 0.956235 -0.286374 111.921677 0.016351 0.287795 0.957552 -14.752975 0.000000 0.000000 0.000000 1.000000
0.998121 0.054152 -0.028664 1.250220 -0.060095 0.956430 -0.285710 112.044685 0.011944 0.286895 0.957887 -14.679235 0.000000 0.000000 0.000000 1.000000
0.998145 0.055175 -0.025723 1.117191 -0.060227 0.956578 -0.285185 112.151985 0.008871 0.286205 0.958127 -14.607434 0.000000 0.000000 0.000000 1.000000
0.998127 0.056329 -0.023844 1.005037 -0.060795 0.956539 -0.285196 112.216431 0.006743 0.286111 0.958173 -14.542374 0.000000 0.000000 0.000000 1.000000
0.998101 0.057457 -0.022220 0.908129 -0.061415 0.956299 -0.285869 112.211876 0.004823 0.286691 0.958011 -14.491153 0.000000 0.000000 0.000000 1.000000
0.998084 0.058621 -0.019814 0.821266 -0.061842 0.956025 -0.286692 112.145210 0.002137 0.287368 0.957818 -14.459221 0.000000 0.000000 0.000000 1.000000
0.998115 0.058928 -0.017145 0.752489 -0.061369 0.955675 -0.287958 112.050743 -0.000584 0.288468 0.957489 -14.460257 0.000000 0.000000 0.000000 1.000000
0.998207 0.057769 -0.015697 0.713997 -0.059838 0.955260 -0.289652 111.955811 -0.001738 0.290072 0.957003 -14.489993 0.000000 0.000000 0.000000 1.000000
0.998321 0.055272 -0.017310 0.718315 -0.057917 0.954872 -0.291317 111.871017 0.000427 0.291830 0.956470 -14.551639 0.000000 0.000000 0.000000 1.000000
0.998390 0.052180 -0.022224 0.766797 -0.056401 0.954674 -0.292260 111.802460 0.005967 0.293043 0.956081 -14.651997 0.000000 0.000000 0.000000 1.000000
0.998349 0.049390 -0.029315 0.841110 -0.055809 0.954799 -0.291965 111.753983 0.013570 0.293120 0.955979 -14.780594 0.000000 0.000000 0.000000 1.000000
0.998252 0.047046 -0.035765 0.914126 -0.055438 0.955121 -0.290982 111.724449 0.020470 0.292456 0.956060 -14.923788 0.000000 0.000000 0.000000 1.000000
0.998140 0.045565 -0.040496 0.961340 -0.055372 0.955520 -0.289681 111.705269 0.025495 0.291385 0.956266 -15.063511 0.000000 0.000000 0.000000 1.000000
0.998003 0.045340 -0.043971 0.972528 -0.056126 0.955928 -0.288187 111.693359 0.028967 0.290080 0.956564 -15.182709 0.000000 0.000000 0.000000 1.000000
0.997844 0.045940 -0.046863 0.948996 -0.057498 0.956238 -0.286886 111.696732 0.031633 0.288962 0.956818 -15.272538 0.000000 0.000000 0.000000 1.000000
0.997719 0.046054 -0.049352 0.895556 -0.058292 0.956493 -0.285871 111.722618 0.034039 0.288096 0.956996 -15.325465 0.000000 0.000000 0.000000 1.000000
0.997639 0.045402 -0.051530 0.812724 -0.058283 0.956591 -0.285547 111.765541 0.036329 0.287876 0.956978 -15.343573 0.000000 0.000000 0.000000 1.000000
0.997662 0.044333 -0.052001 0.706766 -0.057391 0.956672 -0.285456 111.799629 0.037093 0.287773 0.956980 -15.321193 0.000000 0.000000 0.000000 1.000000
0.997760 0.043602 -0.050734 0.587229 -0.056318 0.956786 -0.285287 111.820694 0.036102 0.287505 0.957098 -15.266277 0.000000 0.000000 0.000000 1.000000
0.997907 0.043226 -0.048091 0.469366 -0.055184 0.956956 -0.284939 111.840248 0.033704 0.286996 0.957339 -15.189359 0.000000 0.000000 0.000000 1.000000
0.998076 0.043140 -0.044534 0.361587 -0.054057 0.957233 -0.284224 111.867455 0.030367 0.286084 0.957723 -15.094625 0.000000 0.000000 0.000000 1.000000
0.998171 0.043424 -0.042060 0.262476 -0.053593 0.957539 -0.283277 111.903725 0.027973 0.285013 0.958115 -14.993534 0.000000 0.000000 0.000000 1.000000
0.998154 0.044151 -0.041701 0.164072 -0.054158 0.957812 -0.282246 111.947533 0.027480 0.283984 0.958435 -14.897769 0.000000 0.000000 0.000000 1.000000
0.998036 0.045295 -0.043280 0.062606 -0.055673 0.958047 -0.281152 111.996506 0.028730 0.283009 0.958687 -14.811624 0.000000 0.000000 0.000000 1.000000
0.997884 0.046304 -0.045644 -0.030811 -0.057286 0.958175 -0.280389 112.043526 0.030752 0.282411 0.958801 -14.735191 0.000000 0.000000 0.000000 1.000000
0.997788 0.046514 -0.047498 -0.101515 -0.058012 0.958133 -0.280385 112.078949 0.032467 0.282520 0.958712 -14.671826 0.000000 0.000000 0.000000 1.000000
0.997774 0.045743 -0.048523 -0.147898 -0.057587 0.957953 -0.281088 112.093826 0.033625 0.283257 0.958454 -14.632435 0.000000 0.000000 0.000000 1.000000
0.997806 0.043971 -0.049495 -0.176974 -0.056207 0.957668 -0.282334 112.081703 0.034985 0.284496 0.958039 -14.633658 0.000000 0.000000 0.000000 1.000000
0.997804 0.041841 -0.051340 -0.198832 -0.054726 0.957470 -0.283296 112.034195 0.037303 0.285483 0.957657 -14.676786 0.000000 0.000000 0.000000 1.000000
0.997736 0.039490 -0.054446 -0.205653 -0.053376 0.957425 -0.283704 111.955994 0.040924 0.285968 0.957365 -14.761890 0.000000 0.000000 0.000000 1.000000
0.997600 0.037123 -0.058444 -0.186481 -0.052255 0.957461 -0.283793 111.870155 0.045423 0.286166 0.957103 -14.884305 0.000000 0.000000 0.000000 1.000000
0.997396 0.035246 -0.062914 -0.144199 -0.051747 0.957432 -0.283984 111.797829 0.050227 0.286501 0.956763 -15.038969 0.000000 0.000000 0.000000 1.000000
0.997118 0.034349 -0.067638 -0.098067 -0.052262 0.957314 -0.284288 111.742615 0.054986 0.287003 0.956350 -15.212540 0.000000 0.000000 0.000000 1.000000
0.996837 0.033782 -0.071935 -0.064926 -0.052981 0.957156 -0.284684 111.706459 0.059236 0.287595 0.955919 -15.389489 0.000000 0.000000 0.000000 1.000000
0.996686 0.032531 -0.074557 -0.055574 -0.052575 0.957008 -0.285256 111.682648 0.062072 0.288230 0.955547 -15.551409 0.000000 0.000000 0.000000 1.000000
0.996727 0.030185 -0.075000 -0.068458 -0.050523 0.956788 -0.286363 111.665283 0.063115 0.289215 0.955181 -15.687260 0.000000 0.000000 0.000000 1.000000
0.996955 0.027553 -0.072946 -0.103957 -0.047518 0.956397 -0.288178 111.643456 0.061825 0.290767 0.954794 -15.793019 0.000000 0.000000 0.000000 1.000000
0.997248 0.025704 -0.069544 -0.164596 -0.044879 0.955898 -0.290250 111.611099 0.059017 0.292572 0.954421 -15.863415 0.000000 0.000000 0.000000 1.000000
0.997529 0.024871 -0.065699 -0.243037 -0.043053 0.955453 -0.291987 111.577713 0.055510 0.294094 0.954163 -15.890367 0.000000 0.000000 0.000000 1.000000
0.997759 0.024597 -0.062226 -0.322827 -0.041815 0.955235 -0.292878 111.553368 0.052236 0.294824 0.954123 -15.870290 0.000000 0.000000 0.000000 1.000000
0.997889 0.024739 -0.060039 -0.391674 -0.041285 0.955361 -0.292541 111.552200 0.050122 0.294402 0.954366 -15.803779 0.000000 0.000000 0.000000 1.000000
0.997923 0.024984 -0.059382 -0.449060 -0.041260 0.955752 -0.291266 111.591637 0.049477 0.293111 0.954797 -15.703665 0.000000 0.000000 0.000000 1.000000
0.997854 0.025027 -0.060508 -0.498187 -0.041558 0.956164 -0.289869 111.674538 0.050601 0.291761 0.955152 -15.592726 0.000000 0.000000 0.000000 1.000000
0.997661 0.024793 -0.063705 -0.531755 -0.042206 0.956483 -0.288720 111.779724 0.053775 0.290733 0.955292 -15.489693 0.000000 0.000000 0.000000 1.000000
0.997365 0.024349 -0.068337 -0.537876 -0.043067 0.956766 -0.287653 111.884727 0.058379 0.289839 0.955293 -15.402760 0.000000 0.000000 0.000000 1.000000
0.997037 0.023493 -0.073251 -0.519767 -0.043631 0.956951 -0.286953 111.979790 0.063356 0.289299 0.955140 -15.337095 0.000000 0.000000 0.000000 1.000000
0.996733 0.022561 -0.077549 -0.501593 -0.043980 0.956961 -0.286865 112.052353 0.067739 0.289339 0.954827 -15.293778 0.000000 0.000000 0.000000 1.000000
0.996526 0.021912 -0.080347 -0.502273 -0.044223 0.956738 -0.287569 112.097786 0.070570 0.290123 0.954384 -15.278347 0.000000 0.000000 0.000000 1.000000
0.996434 0.021671 -0.081550 -0.522311 -0.044427 0.956393 -0.288686 112.117020 0.071737 0.291279 0.953945 -15.289338 0.000000 0.000000 0.000000 1.000000
0.996449 0.021414 -0.081427 -0.549818 -0.044247 0.955987 -0.290053 112.115883 0.071632 0.292626 0.953540 -15.323711 0.000000 0.000000 0.000000 1.000000
0.996467 0.020621 -0.081409 -0.568291 -0.043570 0.955657 -0.291240 112.099472 0.071793 0.293759 0.953180 -15.378104 0.000000 0.000000 0.000000 1.000000
0.996344 0.019232 -0.083239 -0.558114 -0.042840 0.955449 -0.292030 112.074097 0.073914 0.294528 0.952780 -15.447591 0.000000 0.000000 0.000000 1.000000
0.996035 0.017645 -0.087191 -0.513512 -0.042503 0.955417 -0.292184 112.038330 0.078148 0.294731 0.952379 -15.533636 0.000000 0.000000 0.000000 1.000000
0.995700 0.016995 -0.091060 -0.453182 -0.043014 0.955444 -0.292021 111.981827 0.082040 0.294682 0.952067 -15.632434 0.000000 0.000000 0.000000 1.000000
0.995464 0.017729 -0.093473 -0.401075 -0.044457 0.955302 -0.292271 111.915382 0.084113 0.295101 0.951756 -15.741971 0.000000 0.000000 0.000000 1.000000
0.995510 0.018992 -0.092735 -0.369297 -0.045556 0.954875 -0.293495 111.877052 0.082976 0.296402 0.951452 -15.862913 0.000000 0.000000 0.000000 1.000000
0.995792 0.019379 -0.089569 -0.353235 -0.045116 0.954402 -0.295095 111.867973 0.079766 0.297894 0.951261 -15.969769 0.000000 0.000000 0.000000 1.000000
0.996188 0.018777 -0.085189 -0.354521 -0.043388 0.953850 -0.297134 111.860374 0.075678 0.299697 0.951028 -16.047001 0.000000 0.000000 0.000000 1.000000
0.996538 0.017684 -0.081233 -0.369473 -0.041354 0.953097 -0.299826 111.827995 0.072121 0.302147 0.950529 -16.095310 0.000000 0.000000 0.000000 1.000000
0.996810 0.016603 -0.078059 -0.388064 -0.039574 0.952226 -0.302820 111.781288 0.069302 0.304943 0.949846 -16.125696 0.000000 0.000000 0.000000 1.000000
0.997050 0.015936 -0.075081 -0.401714 -0.038179 0.951574 -0.305038 111.746902 0.066584 0.307005 0.949376 -16.149385 0.000000 0.000000 0.000000 1.000000
0.997276 0.015547 -0.072100 -0.397613 -0.036961 0.951279 -0.306107 111.728935 0.063829 0.307938 0.949263 -16.180899 0.000000 0.000000 0.000000 1.000000
0.997453 0.015657 -0.069584 -0.373115 -0.036289 0.951299 -0.306126 111.708832 0.061402 0.307871 0.949445 -16.224373 0.000000 0.000000 0.000000 1.000000
0.997584 0.016045 -0.067585 -0.333716 -0.036022 0.951405 -0.305828 111.682312 0.059394 0.307523 0.949685 -16.281847 0.000000 0.000000 0.000000 1.000000
0.997620 0.016099 -0.067048 -0.286065 -0.035919 0.951348 -0.306017 111.654472 0.058860 0.307697 0.949662 -16.355726 0.000000 0.000000 0.000000 1.000000
0.997598 0.015844 -0.067439 -0.239658 -0.035840 0.951131 -0.306700 111.623337 0.059284 0.308380 0.949414 -16.441381 0.000000 0.000000 0.000000 1.000000
0.997536 0.015691 -0.068374 -0.201526 -0.036033 0.950872 -0.307481 111.586113 0.060190 0.309187 0.949095 -16.530293 0.000000 0.000000 0.000000 1.000000
0.997475 0.015407 -0.069329 -0.167300 -0.036108 0.950619 -0.308252 111.546951 0.061156 0.309977 0.948775 -16.615444 0.000000 0.000000 0.000000 1.000000
0.997486 0.014822 -0.069300 -0.128082 -0.035587 0.950409 -0.308959 111.512970 0.061284 0.310649 0.948547 -16.691933 0.000000 0.000000 0.000000 1.000000
0.997558 0.013957 -0.068435 -0.077619 -0.034521 0.950303 -0.309406 111.487625 0.060715 0.311012 0.948464 -16.759876 0.000000 0.000000 0.000000 1.000000
0.997667 0.013196 -0.066980 -0.025260 -0.033354 0.950286 -0.309588 111.468170 0.059565 0.311100 0.948509 -16.824890 0.000000 0.000000 0.000000 1.000000
0.997841 0.012614 -0.064458 0.017584 -0.032035 0.950207 -0.309969 111.446030 0.057338 0.311365 0.948559 -16.889568 0.000000 0.000000 0.000000 1.000000
0.998079 0.012174 -0.060751 0.045420 -0.030497 0.950036 -0.310648 111.422714 0.053934 0.311904 0.948582 -16.947529 0.000000 0.000000 0.000000 1.000000
0.998322 0.011891 -0.056668 0.057512 -0.028968 0.949974 -0.310983 111.400879 0.050135 0.312103 0.948725 -16.991732 0.000000 0.000000 0.000000 1.000000
0.998527 0.011769 -0.052958 0.056366 -0.027672 0.950140 -0.310593 111.381523 0.046662 0.311601 0.949067 -17.021711 0.000000 0.000000 0.000000 1.000000
0.998681 0.011771 -0.049974 0.054085 -0.026720 0.950315 -0.310140 111.369331 0.043841 0.311066 0.949377 -17.041374 0.000000 0.000000 0.000000 1.000000
0.998806 0.011875 -0.047395 0.062122 -0.026008 0.950390 -0.309972 111.358475 0.041363 0.310835 0.949564 -17.043737 0.000000 0.000000 0.000000 1.000000
0.998916 0.011883 -0.045008 0.078798 -0.025266 0.950459 -0.309820 111.334953 0.039097 0.310622 0.949729 -17.035698 0.000000 0.000000 0.000000 1.000000
0.998983 0.011733 -0.043539 0.086253 -0.024645 0.950654 -0.309273 111.310562 0.037762 0.310032 0.949976 -17.008541 0.000000 0.000000 0.000000 1.000000
0.999005 0.011602 -0.043069 0.080087 -0.024353 0.950836 -0.308737 111.295303 0.037370 0.309478 0.950172 -16.968880 0.000000 0.000000 0.000000 1.000000
0.998985 0.011222 -0.043624 0.067756 -0.024162 0.950847 -0.308718 111.284729 0.038015 0.309459 0.950153 -16.921759 0.000000 0.000000 0.000000 1.000000
0.998956 0.010851 -0.044386 0.047430 -0.024049 0.950819 -0.308812 111.273911 0.038852 0.309557 0.950087 -16.867279 0.000000 0.000000 0.000000 1.000000
0.998935 0.010469 -0.044930 0.020646 -0.023850 0.950860 -0.308700 111.271599 0.039490 0.309443 0.950098 -16.809643 0.000000 0.000000 0.000000 1.000000
0.998952 0.010150 -0.044629 -0.004258 -0.023444 0.950943 -0.308476 111.280457 0.039309 0.309199 0.950185 -16.755312 0.000000 0.000000 0.000000 1.000000
0.998994 0.009793 -0.043752 -0.021506 -0.022824 0.951025 -0.308270 111.292664 0.038590 0.308959 0.950292 -16.707163 0.000000 0.000000 0.000000 1.000000
0.999043 0.009259 -0.042745 -0.026569 -0.022005 0.951034 -0.308301 111.310081 0.037797 0.308947 0.950328 -16.668972 0.000000 0.000000 0.000000 1.000000
0.999075 0.008701 -0.042109 -0.022470 -0.021282 0.951011 -0.308425 111.329353 0.037362 0.309036 0.950316 -16.639456 0.000000 0.000000 0.000000 1.000000
0.999080 0.007964 -0.042138 -0.010822 -0.020627 0.950714 -0.309383 111.358124 0.037597 0.309968 0.950003 -16.631796 0.000000 0.000000 0.000000 1.000000
0.999057 0.007229 -0.042811 0.005406 -0.020189 0.950301 -0.310677 111.396744 0.038437 0.311249 0.949551 -16.642670 0.000000 0.000000 0.000000 1.000000
0.999027 0.006555 -0.043615 0.024399 -0.019861 0.949816 -0.312177 111.437538 0.039380 0.312739 0.949022 -16.671028 0.000000 0.000000 0.000000 1.000000
0.999009 0.006161 -0.044071 0.041309 -0.019697 0.949297 -0.313763 111.473091 0.039903 0.314320 0.948478 -16.714607 0.000000 0.000000 0.000000 1.000000
0.999010 0.005885 -0.044103 0.053919 -0.019502 0.948848 -0.315131 111.497932 0.039992 0.315679 0.948023 -16.764748 0.000000 0.000000 0.000000 1.000000
0.999022 0.005518 -0.043881 0.058278 -0.019118 0.948575 -0.315974 111.512611 0.039881 0.316504 0.947753 -16.802607 0.000000 0.000000 0.000000 1.000000
0.999038 0.005230 -0.043547 0.055164 -0.018759 0.948417 -0.316471 111.520416 0.039645 0.316983 0.947602 -16.831697 0.000000 0.000000 0.000000 1.000000
0.999055 0.005023 -0.043177 0.047922 -0.018458 0.948329 -0.316753 111.523193 0.039355 0.317250 0.947525 -16.853182 0.000000 0.000000 0.000000 1.000000</float_array>
        <technique_common>
          <accessor source="#mixamorig_Hips-Matrix-animation-output-transform-array" count="142" stride="16">
            <param type="float4x4"/>
          </accessor>
        </technique_common>
      </source>
      <source id="mixamorig_Hips-Interpolations">
        <Name_array id="mixamorig_Hips-Interpolations-array" count="142">
 LINEAR LINEAR LINEAR LINEAR LINEAR LINEAR LINEAR LINEAR LINEAR LINEAR LINEAR
LINEAR LINEAR LINEAR LINEAR LINEAR LINEAR LINEAR LINEAR LINEAR LINEAR LINEAR LINEAR
LINEAR LINEAR LINEAR LINEAR LINEAR LINEAR LINEAR LINEAR LINEAR LINEAR LINEAR LINEAR
LINEAR LINEAR LINEAR LINEAR LINEAR LINEAR LINEAR LINEAR LINEAR LINEAR LINEAR LINEAR
LINEAR LINEAR LINEAR LINEAR LINEAR LINEAR LINEAR LINEAR LINEAR LINEAR LINEAR LINEAR
LINEAR LINEAR LINEAR LINEAR LINEAR LINEAR LINEAR LINEAR LINEAR LINEAR LINEAR LINEAR
LINEAR LINEAR LINEAR LINEAR LINEAR LINEAR LINEAR LINEAR LINEAR LINEAR LINEAR LINEAR
LINEAR LINEAR LINEAR LINEAR LINEAR LINEAR LINEAR LINEAR LINEAR LINEAR LINEAR LINEAR
LINEAR LINEAR LINEAR LINEAR LINEAR LINEAR LINEAR LINEAR LINEAR LINEAR LINEAR LINEAR
LINEAR LINEAR LINEAR LINEAR LINEAR LINEAR LINEAR LINEAR LINEAR LINEAR LINEAR LINEAR
LINEAR LINEAR LINEAR LINEAR LINEAR LINEAR LINEAR LINEAR LINEAR LINEAR LINEAR LINEAR
LINEAR LINEAR LINEAR LINEAR LINEAR LINEAR LINEAR LINEAR LINEAR LINEAR LINEAR</Name_array>
        <technique_common>
          <accessor source="#mixamorig_Hips-Interpolations-array" count="142">
            <param type="name"/>
          </accessor>
        </technique_common>
      </source>
      <sampler id="mixamorig_Hips-Matrix-animation-transform">
        <input semantic="INPUT" source="#mixamorig_Hips-Matrix-animation-input"/>
        <input semantic="OUTPUT" source="#mixamorig_Hips-Matrix-animation-output-transform"/>
        <input semantic="INTERPOLATION" source="#mixamorig_Hips-Interpolations"/>
      </sampler>
      <channel source="#mixamorig_Hips-Matrix-animation-transform" target="mixamorig_Hips/matrix"/>
    </animation>
    <animation id="mixamorig_Spine-anim" name="mixamorig_Spine">
      <source id="mixamorig_Spine-Matrix-animation-input">
        <float_array id="mixamorig_Spine-Matrix-animation-input-array" count="142">

0.000000 0.033333 0.066667 0.100000 0.133333 0.166667 0.200000 0.233333 0.266667 0.300000 0.333333 0.366667 0.400000 0.433333 0.466667 0.500000
0.533333 0.566667 0.600000 0.633333 0.666667 0.700000 0.733333 0.766667 0.800000 0.833333 0.866667 0.900000 0.933333 0.966667 1.000000 1.033333
1.066667 1.100000 1.133333 1.166667 1.200000 1.233333 1.266667 1.300000 1.333333 1.366667 1.400000 1.433333 1.466667 1.500000 1.533333 1.566667
1.600000 1.633333 1.666667 1.700000 1.733333 1.766667 1.800000 1.833333 1.866667 1.900000 1.933333 1.966667 2.000000 2.033333 2.066667 2.100000
2.133333 2.166667 2.200000 2.233333 2.266667 2.300000 2.333333 2.366667 2.400000 2.433333 2.466667 2.500000 2.533333 2.566667 2.600000 2.633333
2.666667 2.700000 2.733333 2.766667 2.800000 2.833333 2.866667 2.900000 2.933333 2.966667 3.000000 3.033333 3.066667 3.100000 3.133333 3.166667
3.200000 3.233333 3.266667 3.300000 3.333333 3.366667 3.400000 3.433333 3.466667 3.500000 3.533333 3.566667 3.600000 3.633333 3.666667 3.700000
3.733333 3.766667 3.800000 3.833333 3.866667 3.900000 3.933333 3.966667 4.000000 4.033333 4.066667 4.100000 4.133333 4.166667 4.200000 4.233333
4.266667 4.300000 4.333333 4.366667 4.400000 4.433333 4.466667 4.500000 4.533333 4.566667 4.600000 4.633333 4.666667 4.700000</float_array>
        <technique_common>
          <accessor source="#mixamorig_Spine-Matrix-animation-input-array" count="142">
            <param name="TIME" type="float"/>
          </accessor>
        </technique_common>
      </source>
      <source id="mixamorig_Spine-Matrix-animation-output-transform">
        <float_array id="mixamorig_Spine-Matrix-animation-output-transform-array" count="2272">

0.999556 0.014453 0.026059 -0.000900 -0.003785 0.929008 -0.370040 9.938600 -0.029558 0.369777 0.928650 0.799700 0.000000 0.000000 0.000000 1.000000
0.999545 0.014950 0.026182 -0.000900 -0.004168 0.928578 -0.371115 9.938600 -0.029860 0.370837 0.928218 0.799700 0.000000 0.000000 0.000000 1.000000
0.999535 0.015274 0.026379 -0.000900 -0.004380 0.928378 -0.371612 9.938600 -0.030166 0.371324 0.928013 0.799700 0.000000 0.000000 0.000000 1.000000
0.999524 0.015399 0.026718 -0.000900 -0.004374 0.928430 -0.371482 9.938600 -0.030527 0.371188 0.928056 0.799700 0.000000 0.000000 0.000000 1.000000
0.999512 0.015157 0.027309 -0.000900 -0.003936 0.928509 -0.371290 9.938600 -0.030984 0.371001 0.928115 0.799700 0.000000 0.000000 0.000000 1.000000
0.999498 0.014645 0.028105 -0.000900 -0.003159 0.928449 -0.371445 9.938600 -0.031534 0.371170 0.928029 0.799700 0.000000 0.000000 0.000000 1.000000
0.999479 0.014220 0.028977 -0.000900 -0.002423 0.928256 -0.371935 9.938600 -0.032186 0.371671 0.927806 0.799700 0.000000 0.000000 0.000000 1.000000
0.999456 0.014410 0.029676 -0.000900 -0.002321 0.928044 -0.372464 9.938600 -0.032908 0.372192 0.927572 0.799700 0.000000 0.000000 0.000000 1.000000
0.999432 0.015193 0.030084 -0.000900 -0.002878 0.927841 -0.372965 9.938600 -0.033580 0.372667 0.927357 0.799700 0.000000 0.000000 0.000000 1.000000
0.999400 0.017604 0.029819 -0.000900 -0.005235 0.928051 -0.372417 9.938600 -0.034230 0.372038 0.927586 0.799700 0.000000 0.000000 0.000000 1.000000
0.999357 0.021636 0.028581 -0.000900 -0.009504 0.928695 -0.370723 9.938600 -0.034564 0.370213 0.928304 0.799700 0.000000 0.000000 0.000000 1.000000
0.999288 0.027509 0.025835 -0.000900 -0.016080 0.929706 -0.367952 9.938600 -0.034141 0.367275 0.929486 0.799700 0.000000 0.000000 0.000000 1.000000
0.999182 0.034380 0.021294 -0.000900 -0.024260 0.930871 -0.364542 9.938600 -0.032354 0.363727 0.930944 0.799700 0.000000 0.000000 0.000000 1.000000
0.999011 0.041755 0.015276 -0.000900 -0.033433 0.931968 -0.360997 9.938600 -0.029310 0.360129 0.932442 0.799700 0.000000 0.000000 0.000000 1.000000
0.998763 0.049037 0.008272 -0.000900 -0.042850 0.933020 -0.357264 9.938600 -0.025238 0.356468 0.933967 0.799700 0.000000 0.000000 0.000000 1.000000
0.998463 0.055408 0.000894 -0.000900 -0.051523 0.934149 -0.353145 9.938600 -0.020402 0.352556 0.935568 0.799700 0.000000 0.000000 0.000000 1.000000
0.998129 0.060787 -0.006579 -0.000900 -0.059262 0.935333 -0.348769 9.938600 -0.015047 0.348507 0.937185 0.799700 0.000000 0.000000 0.000000 1.000000
0.997787 0.064990 -0.014016 -0.000900 -0.065835 0.936441 -0.344592 9.938600 -0.009270 0.344753 0.938648 0.799700 0.000000 0.000000 0.000000 1.000000
0.997414 0.068626 -0.021363 -0.000900 -0.071793 0.937149 -0.341464 9.938600 -0.003413 0.342115 0.939652 0.799700 0.000000 0.000000 0.000000 1.000000
0.996972 0.072445 -0.028269 -0.000900 -0.077742 0.937386 -0.339505 9.938600 0.001904 0.340674 0.940179 0.799700 0.000000 0.000000 0.000000 1.000000
0.996433 0.077110 -0.034292 -0.000900 -0.084175 0.937204 -0.338472 9.938600 0.006040 0.340151 0.940351 0.799700 0.000000 0.000000 0.000000 1.000000
0.995758 0.083120 -0.039469 -0.000900 -0.091582 0.936803 -0.337658 9.938600 0.008908 0.339840 0.940441 0.799700 0.000000 0.000000 0.000000 1.000000
0.994901 0.090607 -0.044299 -0.000900 -0.100254 0.936373 -0.336384 9.938600 0.011001 0.339110 0.940682 0.799700 0.000000 0.000000 0.000000 1.000000
0.993810 0.099403 -0.049599 -0.000900 -0.110304 0.935996 -0.334282 9.938600 0.013196 0.337684 0.941167 0.799700 0.000000 0.000000 0.000000 1.000000
0.992447 0.108938 -0.056408 -0.000900 -0.121537 0.935625 -0.331414 9.938600 0.016673 0.335766 0.941798 0.799700 0.000000 0.000000 0.000000 1.000000
0.990789 0.118545 -0.065452 -0.000900 -0.133565 0.935126 -0.328175 9.938600 0.022302 0.333895 0.942347 0.799700 0.000000 0.000000 0.000000 1.000000
0.988595 0.128796 -0.078054 -0.000900 -0.147352 0.934289 -0.324639 9.938600 0.031113 0.332438 0.942612 0.799700 0.000000 0.000000 0.000000 1.000000
0.986005 0.138583 -0.092674 -0.000900 -0.161371 0.932966 -0.321766 9.938600 0.041871 0.332218 0.942273 0.799700 0.000000 0.000000 0.000000 1.000000
0.983405 0.146679 -0.106767 -0.000900 -0.173673 0.931276 -0.320253 9.938600 0.052455 0.333481 0.941296 0.799700 0.000000 0.000000 0.000000 1.000000
0.981027 0.152843 -0.119273 -0.000900 -0.183722 0.929374 -0.320171 9.938600 0.061913 0.336009 0.939822 0.799700 0.000000 0.000000 0.000000 1.000000
0.979052 0.157162 -0.129449 -0.000900 -0.191354 0.927468 -0.321227 9.938600 0.069575 0.339268 0.938113 0.799700 0.000000 0.000000 0.000000 1.000000
0.977584 0.159967 -0.136898 -0.000900 -0.196713 0.925732 -0.322994 9.938600 0.075062 0.342683 0.936448 0.799700 0.000000 0.000000 0.000000 1.000000
0.976648 0.161699 -0.141464 -0.000900 -0.200121 0.924236 -0.325176 9.938600 0.078165 0.345892 0.935013 0.799700 0.000000 0.000000 0.000000 1.000000
0.976246 0.162730 -0.143047 -0.000900 -0.201865 0.922967 -0.327694 9.938600 0.078702 0.348786 0.933892 0.799700 0.000000 0.000000 0.000000 1.000000
0.976340 0.163351 -0.141693 -0.000900 -0.202231 0.921774 -0.330811 9.938600 0.076570 0.351638 0.932999 0.799700 0.000000 0.000000 0.000000 1.000000
0.976830 0.163524 -0.138068 -0.000900 -0.201403 0.920585 -0.334604 9.938600 0.072388 0.354658 0.932190 0.799700 0.000000 0.000000 0.000000 1.000000
0.977765 0.163144 -0.131757 -0.000900 -0.199101 0.919471 -0.339017 9.938600 0.065838 0.357712 0.931508 0.799700 0.000000 0.000000 0.000000 1.000000
0.979084 0.162188 -0.122841 -0.000900 -0.195283 0.918550 -0.343702 9.938600 0.057091 0.360501 0.931010 0.799700 0.000000 0.000000 0.000000 1.000000
0.980666 0.160664 -0.111722 -0.000900 -0.190055 0.917968 -0.348158 9.938600 0.046621 0.362660 0.930755 0.799700 0.000000 0.000000 0.000000 1.000000
0.982297 0.158791 -0.099387 -0.000900 -0.183965 0.917794 -0.351867 9.938600 0.035344 0.363922 0.930759 0.799700 0.000000 0.000000 0.000000 1.000000
0.983759 0.156810 -0.087348 -0.000900 -0.177805 0.917972 -0.354561 9.938600 0.024584 0.364333 0.930944 0.799700 0.000000 0.000000 0.000000 1.000000
0.984871 0.155152 -0.077185 -0.000900 -0.172586 0.918327 -0.356216 9.938600 0.015613 0.364148 0.931210 0.799700 0.000000 0.000000 0.000000 1.000000
0.985550 0.154188 -0.070122 -0.000900 -0.169124 0.918678 -0.356970 9.938600 0.009379 0.363671 0.931480 0.799700 0.000000 0.000000 0.000000 1.000000
0.985713 0.154365 -0.067395 -0.000900 -0.168298 0.918822 -0.356991 9.938600 0.006817 0.363233 0.931673 0.799700 0.000000 0.000000 0.000000 1.000000
0.985359 0.155896 -0.069017 -0.000900 -0.170311 0.918618 -0.356560 9.938600 0.007814 0.363094 0.931720 0.799700 0.000000 0.000000 0.000000 1.000000
0.984517 0.158607 -0.074627 -0.000900 -0.174864 0.918228 -0.355359 9.938600 0.012162 0.362907 0.931746 0.799700 0.000000 0.000000 0.000000 1.000000
0.983162 0.162709 -0.083173 -0.000900 -0.181773 0.917456 -0.353884 9.938600 0.018727 0.363044 0.931584 0.799700 0.000000 0.000000 0.000000 1.000000
0.981425 0.167608 -0.093341 -0.000900 -0.190008 0.916411 -0.352262 9.938600 0.026497 0.363454 0.931235 0.799700 0.000000 0.000000 0.000000 1.000000
0.979516 0.172555 -0.103794 -0.000900 -0.198398 0.915175 -0.350846 9.938600 0.034449 0.364252 0.930663 0.799700 0.000000 0.000000 0.000000 1.000000
0.977708 0.176692 -0.113432 -0.000900 -0.205766 0.913835 -0.350094 9.938600 0.041800 0.365630 0.929821 0.799700 0.000000 0.000000 0.000000 1.000000
0.976241 0.179341 -0.121617 -0.000900 -0.211276 0.912458 -0.350404 9.938600 0.048128 0.367774 0.928669 0.799700 0.000000 0.000000 0.000000 1.000000
0.975240 0.180226 -0.128165 -0.000900 -0.214625 0.911067 -0.351985 9.938600 0.053330 0.370778 0.927189 0.799700 0.000000 0.000000 0.000000 1.000000
0.974696 0.179570 -0.133125 -0.000900 -0.216037 0.909678 -0.354702 9.938600 0.057407 0.374486 0.925454 0.799700 0.000000 0.000000 0.000000 1.000000
0.974502 0.178051 -0.136542 -0.000900 -0.216138 0.908303 -0.358147 9.938600 0.060253 0.378527 0.923627 0.799700 0.000000 0.000000 0.000000 1.000000
0.974516 0.176581 -0.138341 -0.000900 -0.215687 0.907037 -0.361612 9.938600 0.061627 0.382235 0.922008 0.799700 0.000000 0.000000 0.000000 1.000000
0.974704 0.175607 -0.138251 -0.000900 -0.214966 0.905895 -0.364888 9.938600 0.061164 0.385377 0.920730 0.799700 0.000000 0.000000 0.000000 1.000000
0.975203 0.174862 -0.135653 -0.000900 -0.213499 0.904744 -0.368586 9.938600 0.058280 0.388408 0.919642 0.799700 0.000000 0.000000 0.000000 1.000000
0.976081 0.173931 -0.130436 -0.000900 -0.210801 0.903930 -0.372119 9.938600 0.053182 0.390715 0.918974 0.799700 0.000000 0.000000 0.000000 1.000000
0.977359 0.172305 -0.122804 -0.000900 -0.206478 0.903474 -0.375635 9.938600 0.046227 0.392486 0.918595 0.799700 0.000000 0.000000 0.000000 1.000000
0.978891 0.169874 -0.113648 -0.000900 -0.200750 0.903531 -0.378592 9.938600 0.038372 0.393415 0.918560 0.799700 0.000000 0.000000 0.000000 1.000000
0.980463 0.166925 -0.104063 -0.000900 -0.194317 0.904107 -0.380568 9.938600 0.030558 0.393354 0.918879 0.799700 0.000000 0.000000 0.000000 1.000000
0.981844 0.164030 -0.095266 -0.000900 -0.188209 0.905014 -0.381481 9.938600 0.023643 0.392485 0.919454 0.799700 0.000000 0.000000 0.000000 1.000000
0.982877 0.161686 -0.088381 -0.000900 -0.183347 0.905957 -0.381609 9.938600 0.018369 0.391279 0.920089 0.799700 0.000000 0.000000 0.000000 1.000000
0.983535 0.159908 -0.084197 -0.000900 -0.180068 0.906657 -0.381508 9.938600 0.015332 0.390388 0.920523 0.799700 0.000000 0.000000 0.000000 1.000000
0.983889 0.158260 -0.083163 -0.000900 -0.178148 0.906954 -0.381703 9.938600 0.015017 0.390369 0.920536 0.799700 0.000000 0.000000 0.000000 1.000000
0.984025 0.156405 -0.085040 -0.000900 -0.177187 0.906819 -0.382471 9.938600 0.017296 0.391430 0.920046 0.799700 0.000000 0.000000 0.000000 1.000000
0.984037 0.153959 -0.089263 -0.000900 -0.176620 0.906409 -0.383703 9.938600 0.021834 0.393343 0.919132 0.799700 0.000000 0.000000 0.000000 1.000000
0.983846 0.151267 -0.095734 -0.000900 -0.176732 0.905891 -0.384873 9.938600 0.028506 0.395575 0.917991 0.799700 0.000000 0.000000 0.000000 1.000000
0.983463 0.148819 -0.103215 -0.000900 -0.177485 0.905387 -0.385711 9.938600 0.036049 0.397652 0.916828 0.799700 0.000000 0.000000 0.000000 1.000000
0.982858 0.147117 -0.111113 -0.000900 -0.179091 0.904965 -0.385961 9.938600 0.043771 0.399244 0.915799 0.799700 0.000000 0.000000 0.000000 1.000000
0.982042 0.146448 -0.118938 -0.000900 -0.181602 0.904629 -0.385575 9.938600 0.051128 0.400250 0.914979 0.799700 0.000000 0.000000 0.000000 1.000000
0.981052 0.146805 -0.126432 -0.000900 -0.184900 0.904349 -0.384663 9.938600 0.057868 0.400752 0.914357 0.799700 0.000000 0.000000 0.000000 1.000000
0.979944 0.148017 -0.133418 -0.000900 -0.188760 0.904080 -0.383418 9.938600 0.063868 0.400912 0.913887 0.799700 0.000000 0.000000 0.000000 1.000000
0.978802 0.149861 -0.139599 -0.000900 -0.192868 0.903776 -0.382087 9.938600 0.068906 0.400912 0.913522 0.799700 0.000000 0.000000 0.000000 1.000000
0.977743 0.152095 -0.144520 -0.000900 -0.196838 0.903405 -0.380939 9.938600 0.072621 0.400907 0.913236 0.799700 0.000000 0.000000 0.000000 1.000000
0.976922 0.154299 -0.147702 -0.000900 -0.200115 0.902949 -0.380311 9.938600 0.074686 0.401092 0.912988 0.799700 0.000000 0.000000 0.000000 1.000000
0.976498 0.156119 -0.148586 -0.000900 -0.202154 0.902510 -0.380276 9.938600 0.074732 0.401376 0.912859 0.799700 0.000000 0.000000 0.000000 1.000000
0.976581 0.157281 -0.146807 -0.000900 -0.202534 0.902272 -0.380638 9.938600 0.072593 0.401457 0.912996 0.799700 0.000000 0.000000 0.000000 1.000000
0.977210 0.157546 -0.142270 -0.000900 -0.200973 0.902429 -0.381093 9.938600 0.068348 0.401000 0.913525 0.799700 0.000000 0.000000 0.000000 1.000000
0.978341 0.156824 -0.135113 -0.000900 -0.197427 0.903122 -0.381306 9.938600 0.062226 0.399722 0.914522 0.799700 0.000000 0.000000 0.000000 1.000000
0.979817 0.155354 -0.125796 -0.000900 -0.192301 0.904384 -0.380933 9.938600 0.054588 0.397436 0.916005 0.799700 0.000000 0.000000 0.000000 1.000000
0.981418 0.153524 -0.115100 -0.000900 -0.186286 0.906135 -0.379759 9.938600 0.045994 0.394144 0.917897 0.799700 0.000000 0.000000 0.000000 1.000000
