<?xml version="1.0" encoding="utf-8"?>
<COLLADA xmlns="http://www.collada.org/2005/11/COLLADASchema" version="1.4.1">
  <asset>
    <contributor>
      <author>Mixamo</author>
      <authoring_tool>COLLADA Mixamo exporter</authoring_tool>
      <comments/>
    </contributor>
    <created>2023-02-10T14:39:32Z</created>
    <modified>2023-02-10T14:39:32Z</modified>
    <revision/>
    <title/>
    <unit meter="0.010000"/>
    <up_axis>Y_UP</up_axis>
  </asset>
  <library_animations>
    <animation id="mixamorig1_Hips-anim" name="mixamorig1_Hips">
      <source id="mixamorig1_Hips-Matrix-animation-input">
        <float_array id="mixamorig1_Hips-Matrix-animation-input-array" count="85">

0.000000 0.033333 0.066667 0.100000 0.133333 0.166667 0.200000 0.233333 0.266667 0.300000 0.333333 0.366667 0.400000 0.433333 0.466667 0.500000
0.533333 0.566667 0.600000 0.633333 0.666667 0.700000 0.733333 0.766667 0.800000 0.833333 0.866667 0.900000 0.933333 0.966667 1.000000 1.033333
1.066667 1.100000 1.133333 1.166667 1.200000 1.233333 1.266667 1.300000 1.333333 1.366667 1.400000 1.433333 1.466667 1.500000 1.533333 1.566667
1.600000 1.633333 1.666667 1.700000 1.733333 1.766667 1.800000 1.833333 1.866667 1.900000 1.933333 1.966667 2.000000 2.033333 2.066667 2.100000
2.133333 2.166667 2.200000 2.233333 2.266667 2.300000 2.333333 2.366667 2.400000 2.433333 2.466667 2.500000 2.533333 2.566667 2.600000 2.633333
2.666667 2.700000 2.733333 2.766667 2.800000</float_array>
        <technique_common>
          <accessor source="#mixamorig1_Hips-Matrix-animation-input-array" count="85">
            <param name="TIME" type="float"/>
          </accessor>
        </technique_common>
      </source>
      <source id="mixamorig1_Hips-Matrix-animation-output-transform">
        <float_array id="mixamorig1_Hips-Matrix-animation-output-transform-array" count="1360">

0.945377 0.001884 -0.325975 0.747615 -0.068223 0.978982 -0.192197 95.753387 0.318761 0.203937 0.925635 -1.727689 0.000000 0.000000 0.000000 1.000000
0.946434 0.001406 -0.322896 0.798841 -0.066773 0.979227 -0.191456 95.757866 0.315919 0.202761 0.926867 -1.746276 0.000000 0.000000 0.000000 1.000000
0.947588 -0.000551 -0.319495 0.905478 -0.063719 0.979583 -0.190674 95.768463 0.313077 0.201038 0.928206 -1.763293 0.000000 0.000000 0.000000 1.000000
0.947945 -0.005017 -0.318395 1.062324 -0.059154 0.979698 -0.191554 95.754631 0.312891 0.200417 0.928403 -1.794699 0.000000 0.000000 0.000000 1.000000
0.946969 -0.010241 -0.321163 1.204076 -0.054701 0.979765 -0.192531 95.657730 0.316636 0.199889 0.927247 -1.823611 0.000000 0.000000 0.000000 1.000000
0.945799 -0.012138 -0.324526 1.283229 -0.052139 0.980662 -0.188635 95.483795 0.320540 0.195331 0.926877 -1.775044 0.000000 0.000000 0.000000 1.000000
0.947598 -0.005091 -0.319425 1.297347 -0.052813 0.983619 -0.172351 95.319939 0.315070 0.180190 0.931806 -1.518550 0.000000 0.000000 0.000000 1.000000
0.955774 0.013221 -0.293803 1.327765 -0.056706 0.988528 -0.139988 95.285149 0.288582 0.150458 0.945560 -0.958778 0.000000 0.000000 0.000000 1.000000
0.968556 0.034062 -0.246451 1.344741 -0.059408 0.993593 -0.096148 95.324707 0.241597 0.107766 0.964374 -0.163376 0.000000 0.000000 0.000000 1.000000
0.981968 0.045715 -0.183438 1.274490 -0.055655 0.997227 -0.049407 95.395462 0.180671 0.058726 0.981789 0.798734 0.000000 0.000000 0.000000 1.000000
0.992774 0.044207 -0.111561 1.087982 -0.045432 0.998932 -0.008462 95.490578 0.111068 0.013469 0.993722 1.878221 0.000000 0.000000 0.000000 1.000000
0.998722 0.036077 -0.035382 0.819055 -0.035417 0.999190 0.019116 95.633842 0.036043 -0.017839 0.999191 3.023194 0.000000 0.000000 0.000000 1.000000
0.998752 0.030555 0.039519 0.475363 -0.031913 0.998905 0.034213 95.782219 -0.038431 -0.035432 0.998633 4.099397 0.000000 0.000000 0.000000 1.000000
0.994895 0.022995 0.098260 0.009019 -0.027369 0.998683 0.043402 95.918671 -0.097133 -0.045870 0.994214 4.984108 0.000000 0.000000 0.000000 1.000000
0.991861 0.007300 0.127120 -0.596544 -0.013346 0.998816 0.046772 95.987350 -0.126628 -0.048088 0.990784 5.580365 0.000000 0.000000 0.000000 1.000000
0.992480 -0.016260 0.121323 -1.335779 0.011318 0.999082 0.041313 95.886307 -0.121883 -0.039629 0.991753 5.817242 0.000000 0.000000 0.000000 1.000000
0.995402 -0.038729 0.087612 -2.182562 0.036704 0.999023 0.024605 95.469215 -0.088479 -0.021276 0.995851 5.647703 0.000000 0.000000 0.000000 1.000000
0.998030 -0.048742 0.039511 -3.045024 0.048652 0.998811 0.003234 94.681671 -0.039622 -0.001305 0.999214 5.089348 0.000000 0.000000 0.000000 1.000000
0.998771 -0.047083 -0.015461 -3.777727 0.046824 0.998763 -0.016712 93.592369 0.016228 0.015968 0.999741 4.182999 0.000000 0.000000 0.000000 1.000000
0.996440 -0.040143 -0.074134 -4.330495 0.037678 0.998699 -0.034357 92.357651 0.075417 0.031441 0.996656 2.984549 0.000000 0.000000 0.000000 1.000000
0.990421 -0.030474 -0.134677 -4.741168 0.023694 0.998384 -0.051661 91.154724 0.136034 0.047975 0.989542 1.585492 0.000000 0.000000 0.000000 1.000000
0.981118 -0.010571 -0.193121 -5.105108 -0.003054 0.997534 -0.070115 90.163002 0.193386 0.069381 0.978667 0.155248 0.000000 0.000000 0.000000 1.000000
0.971474 0.035455 -0.234481 -5.406012 -0.057857 0.994317 -0.089360 89.398361 0.229981 0.100378 0.968005 -1.058475 0.000000 0.000000 0.000000 1.000000
0.967246 0.103787 -0.231653 -5.514664 -0.132509 0.984828 -0.112050 88.613647 0.216509 0.139076 0.966324 -1.956030 0.000000 0.000000 0.000000 1.000000
0.970473 0.163981 -0.176897 -5.397171 -0.189560 0.971992 -0.138919 87.506554 0.149163 0.168349 0.974376 -2.604787 0.000000 0.000000 0.000000 1.000000
0.979721 0.180842 -0.086268 -5.094167 -0.192817 0.968012 -0.160545 85.937012 0.054475 0.173924 0.983251 -3.097579 0.000000 0.000000 0.000000 1.000000
0.990884 0.134707 -0.001910 -4.702429 -0.133287 0.978185 -0.159338 84.008423 -0.019596 0.158140 0.987222 -3.462394 0.000000 0.000000 0.000000 1.000000
0.997835 0.049065 0.043788 -4.150513 -0.041761 0.987120 -0.154435 82.039993 -0.050802 0.152272 0.987032 -3.592398 0.000000 0.000000 0.000000 1.000000
0.997944 -0.042370 0.048087 -3.483296 0.050635 0.981191 -0.186281 80.362213 -0.039289 0.188333 0.981319 -3.343897 0.000000 0.000000 0.000000 1.000000
0.993475 -0.110246 0.029224 -2.828682 0.114052 0.958906 -0.259792 79.091400 0.000618 0.261430 0.965222 -2.846181 0.000000 0.000000 0.000000 1.000000
0.990566 -0.136853 0.007106 -2.294304 0.130974 0.930211 -0.342860 78.095482 0.040312 0.340556 0.939359 -2.403127 0.000000 0.000000 0.000000 1.000000
0.993077 -0.117433 -0.002622 -1.842511 0.107053 0.914037 -0.391249 77.038643 0.048342 0.388260 0.920281 -2.368353 0.000000 0.000000 0.000000 1.000000
0.996558 -0.082507 0.008023 -1.631800 0.078681 0.910984 -0.404867 75.986198 0.026095 0.404105 0.914340 -2.648787 0.000000 0.000000 0.000000 1.000000
0.997511 -0.062331 0.032957 -1.802312 0.070368 0.909530 -0.409637 75.103683 -0.004442 0.410937 0.911653 -3.014808 0.000000 0.000000 0.000000 1.000000
0.996440 -0.061888 0.057252 -2.221370 0.080254 0.904335 -0.419210 74.389854 -0.025831 0.422312 0.906082 -3.335578 0.000000 0.000000 0.000000 1.000000
0.995258 -0.068224 0.069332 -2.610749 0.091550 0.897835 -0.430710 73.747696 -0.032864 0.435015 0.899824 -3.589480 0.000000 0.000000 0.000000 1.000000
0.994939 -0.071088 0.071014 -2.793615 0.094986 0.895913 -0.433955 73.198616 -0.032774 0.438504 0.898131 -3.762271 0.000000 0.000000 0.000000 1.000000
0.995238 -0.068692 0.069152 -2.917563 0.092006 0.896287 -0.433825 72.814407 -0.032180 0.438122 0.898339 -3.829278 0.000000 0.000000 0.000000 1.000000
0.996187 -0.055799 0.067060 -3.065618 0.079469 0.897549 -0.433695 72.596092 -0.035989 0.437371 0.898561 -3.832827 0.000000 0.000000 0.000000 1.000000
0.997031 -0.036207 0.067963 -3.203598 0.062173 0.899235 -0.433025 72.517143 -0.045436 0.435964 0.898816 -3.826260 0.000000 0.000000 0.000000 1.000000
0.997068 -0.023579 0.072801 -3.230610 0.052737 0.901077 -0.430441 72.534187 -0.055450 0.433018 0.899678 -3.845742 0.000000 0.000000 0.000000 1.000000
0.996684 -0.033327 0.074237 -3.114155 0.062124 0.900866 -0.429628 72.571373 -0.052560 0.432816 0.899949 -3.896533 0.000000 0.000000 0.000000 1.000000
0.996525 -0.055294 0.062295 -2.920667 0.076860 0.898662 -0.431856 72.599953 -0.032103 0.435143 0.899789 -3.987242 0.000000 0.000000 0.000000 1.000000
0.996882 -0.067013 0.041665 -2.721141 0.078496 0.896098 -0.436861 72.602371 -0.008061 0.438769 0.898564 -4.102738 0.000000 0.000000 0.000000 1.000000
0.998291 -0.053202 0.024190 -2.577941 0.058414 0.895081 -0.442061 72.538025 0.001866 0.442718 0.896659 -4.218394 0.000000 0.000000 0.000000 1.000000
0.999686 -0.015833 0.019414 -2.524940 0.022806 0.895866 -0.443739 72.355522 -0.010367 0.444042 0.895946 -4.329712 0.000000 0.000000 0.000000 1.000000
0.999377 0.025567 0.024316 -2.562982 -0.012340 0.898906 -0.437968 72.083008 -0.033056 0.437395 0.898662 -4.480520 0.000000 0.000000 0.000000 1.000000
0.998303 0.050198 0.029519 -2.612260 -0.032654 0.902249 -0.429976 71.792213 -0.048218 0.428283 0.902357 -4.685884 0.000000 0.000000 0.000000 1.000000
0.998260 0.051598 0.028556 -2.576074 -0.034502 0.903698 -0.426778 71.493416 -0.047827 0.425050 0.903905 -4.934343 0.000000 0.000000 0.000000 1.000000
0.999065 0.038128 0.020401 -2.424932 -0.025618 0.901934 -0.431114 71.186295 -0.034838 0.430188 0.902067 -5.226679 0.000000 0.000000 0.000000 1.000000
0.999585 0.027223 0.009388 -2.234650 -0.020344 0.898336 -0.438838 70.904617 -0.020380 0.438465 0.898517 -5.577336 0.000000 0.000000 0.000000 1.000000
0.999532 0.030553 0.001436 -2.151158 -0.026754 0.896073 -0.443100 70.761749 -0.014825 0.442854 0.896471 -5.965545 0.000000 0.000000 0.000000 1.000000
0.998959 0.045464 -0.003605 -2.212626 -0.042364 0.895759 -0.442517 70.771103 -0.016889 0.442209 0.896753 -6.337472 0.000000 0.000000 0.000000 1.000000
0.997913 0.064079 -0.008007 -2.323236 -0.061059 0.895902 -0.440036 70.884903 -0.021024 0.439607 0.897944 -6.668983 0.000000 0.000000 0.000000 1.000000
0.996941 0.077174 -0.012395 -2.345259 -0.074842 0.896761 -0.436140 71.114807 -0.022543 0.435733 0.899794 -6.945336 0.000000 0.000000 0.000000 1.000000
0.996866 0.077884 -0.013871 -2.173246 -0.076373 0.901753 -0.425452 71.583633 -0.020628 0.425178 0.904875 -7.148438 0.000000 0.000000 0.000000 1.000000
0.997878 0.064403 -0.009534 -1.759590 -0.062796 0.913476 -0.402018 72.362816 -0.017182 0.401764 0.915582 -7.241752 0.000000 0.000000 0.000000 1.000000
0.999168 0.040746 -0.001521 -1.012639 -0.038525 0.931171 -0.362542 73.412910 -0.013356 0.362299 0.931966 -7.214439 0.000000 0.000000 0.000000 1.000000
0.999913 0.012857 -0.002788 -0.011542 -0.013089 0.950856 -0.309356 74.770508 -0.001326 0.309366 0.950942 -7.088850 0.000000 0.000000 0.000000 1.000000
0.999529 -0.011729 -0.028354 0.991687 0.004171 0.967416 -0.253156 76.489761 0.030400 0.252919 0.967010 -6.918725 0.000000 0.000000 0.000000 1.000000
0.996367 -0.026708 -0.080865 1.629422 0.009166 0.977665 -0.209968 78.568703 0.084666 0.208464 0.974358 -6.776674 0.000000 0.000000 0.000000 1.000000
0.991137 -0.029507 -0.129528 1.865279 0.005223 0.982922 -0.183947 80.919701 0.132744 0.181640 0.974364 -6.697176 0.000000 0.000000 0.000000 1.000000
0.988354 -0.023873 -0.150289 1.908360 -0.002290 0.985173 -0.171551 83.433929 0.152156 0.169897 0.973644 -6.711639 0.000000 0.000000 0.000000 1.000000
0.988642 -0.015818 -0.149457 1.884952 -0.009564 0.985809 -0.167598 85.950424 0.149987 0.167123 0.974461 -6.823677 0.000000 0.000000 0.000000 1.000000
0.988623 -0.010626 -0.150037 1.844303 -0.014572 0.986042 -0.165858 88.298828 0.149705 0.166157 0.974669 -6.986627 0.000000 0.000000 0.000000 1.000000
0.985411 -0.010105 -0.169891 1.766178 -0.017649 0.986786 -0.161066 90.373169 0.169274 0.161715 0.972211 -7.090359 0.000000 0.000000 0.000000 1.000000
0.979094 -0.012125 -0.203046 1.665871 -0.019958 0.987679 -0.155217 92.155502 0.202427 0.156024 0.966788 -7.069628 0.000000 0.000000 0.000000 1.000000
0.971874 -0.013113 -0.235135 1.566824 -0.023799 0.987869 -0.153458 93.615051 0.234295 0.154737 0.959772 -6.931397 0.000000 0.000000 0.000000 1.000000
0.967088 -0.011073 -0.254203 1.482012 -0.029937 0.987162 -0.156891 94.770454 0.252677 0.159337 0.954341 -6.691500 0.000000 0.000000 0.000000 1.000000
0.967071 -0.005600 -0.254446 1.416268 -0.037063 0.986001 -0.162568 95.685959 0.251794 0.166645 0.953325 -6.375666 0.000000 0.000000 0.000000 1.000000
0.970671 0.001831 -0.240405 1.362934 -0.042826 0.985295 -0.165410 96.451790 0.236567 0.170855 0.956475 -6.024814 0.000000 0.000000 0.000000 1.000000
0.974631 0.009865 -0.223598 1.315388 -0.047989 0.985005 -0.165718 97.089531 0.218610 0.172244 0.960490 -5.685437 0.000000 0.000000 0.000000 1.000000
0.977156 0.017734 -0.211784 1.270909 -0.053912 0.984601 -0.166295 97.592560 0.205574 0.173914 0.963065 -5.348559 0.000000 0.000000 0.000000 1.000000
0.977749 0.024513 -0.208340 1.224566 -0.060407 0.983982 -0.167721 97.937935 0.200891 0.176574 0.963568 -4.989468 0.000000 0.000000 0.000000 1.000000
0.976565 0.028822 -0.213283 1.168965 -0.065799 0.983525 -0.168369 98.101242 0.204916 0.178457 0.962373 -4.589108 0.000000 0.000000 0.000000 1.000000
0.973984 0.029079 -0.224742 1.097546 -0.067724 0.983761 -0.166216 98.087906 0.216259 0.177112 0.960137 -4.170123 0.000000 0.000000 0.000000 1.000000
0.970379 0.025575 -0.240230 1.014706 -0.065966 0.984644 -0.161632 97.936279 0.232407 0.172692 0.957165 -3.761689 0.000000 0.000000 0.000000 1.000000
0.965966 0.020594 -0.257848 0.929341 -0.062837 0.985648 -0.156683 97.568939 0.250920 0.167553 0.953397 -3.364436 0.000000 0.000000 0.000000 1.000000
0.961095 0.015980 -0.275756 0.851724 -0.060695 0.986144 -0.154392 97.005585 0.269468 0.165122 0.948747 -2.981102 0.000000 0.000000 0.000000 1.000000
0.956366 0.012635 -0.291897 0.794650 -0.061094 0.985627 -0.157502 96.390625 0.285711 0.168463 0.943392 -2.622140 0.000000 0.000000 0.000000 1.000000
0.952585 0.010133 -0.304104 0.775555 -0.063211 0.984231 -0.165207 95.970230 0.297634 0.176596 0.938204 -2.308144 0.000000 0.000000 0.000000 1.000000
0.949728 0.007428 -0.312989 0.775013 -0.065146 0.982525 -0.174359 95.791397 0.306224 0.185983 0.933615 -2.049093 0.000000 0.000000 0.000000 1.000000
0.947139 0.004376 -0.320794 0.761376 -0.066982 0.980569 -0.184387 95.749962 0.313754 0.196127 0.929028 -1.848040 0.000000 0.000000 0.000000 1.000000
0.945062 0.001843 -0.326887 0.749533 -0.068508 0.978894 -0.192546 95.752251 0.319633 0.204362 0.925241 -1.726865 0.000000 0.000000 0.000000 1.000000
0.945377 0.001883 -0.325974 0.748209 -0.068221 0.978982 -0.192197 95.753494 0.318761 0.203937 0.925636 -1.727482 0.000000 0.000000 0.000000 1.000000</float_array>
        <technique_common>
          <accessor source="#mixamorig1_Hips-Matrix-animation-output-transform-array" count="85" stride="16">
            <param type="float4x4"/>
          </accessor>
        </technique_common>
      </source>
      <source id="mixamorig1_Hips-Interpolations">
        <Name_array id="mixamorig1_Hips-Interpolations-array" count="85">
 LINEAR LINEAR LINEAR LINEAR LINEAR LINEAR LINEAR LINEAR LINEAR LINEAR LINEAR
LINEAR LINEAR LINEAR LINEAR LINEAR LINEAR LINEAR LINEAR LINEAR LINEAR LINEAR LINEAR
LINEAR LINEAR LINEAR LINEAR LINEAR LINEAR LINEAR LINEAR LINEAR LINEAR LINEAR LINEAR
LINEAR LINEAR LINEAR LINEAR LINEAR LINEAR LINEAR LINEAR LINEAR LINEAR LINEAR LINEAR
LINEAR LINEAR LINEAR LINEAR LINEAR LINEAR LINEAR LINEAR LINEAR LINEAR LINEAR LINEAR
LINEAR LINEAR LINEAR LINEAR LINEAR LINEAR LINEAR LINEAR LINEAR LINEAR LINEAR LINEAR
LINEAR LINEAR LINEAR LINEAR LINEAR LINEAR LINEAR LINEAR LINEAR LINEAR LINEAR LINEAR
LINEAR LINEAR</Name_array>
        <technique_common>
          <accessor source="#mixamorig1_Hips-Interpolations-array" count="85">
            <param type="name"/>
          </accessor>
        </technique_common>
      </source>
      <sampler id="mixamorig1_Hips-Matrix-animation-transform">
        <input semantic="INPUT" source="#mixamorig1_Hips-Matrix-animation-input"/>
        <input semantic="OUTPUT" source="#mixamorig1_Hips-Matrix-animation-output-transform"/>
        <input semantic="INTERPOLATION" source="#mixamorig1_Hips-Interpolations"/>
      </sampler>
      <channel source="#mixamorig1_Hips-Matrix-animation-transform" target="mixamorig1_Hips/matrix"/>
    </animation>
    <animation id="mixamorig1_Spine-anim" name="mixamorig1_Spine">
      <source id="mixamorig1_Spine-Matrix-animation-input">
        <float_array id="mixamorig1_Spine-Matrix-animation-input-array" count="85">

0.000000 0.033333 0.066667 0.100000 0.133333 0.166667 0.200000 0.233333 0.266667 0.300000 0.333333 0.366667 0.400000 0.433333 0.466667 0.500000
0.533333 0.566667 0.600000 0.633333 0.666667 0.700000 0.733333 0.766667 0.800000 0.833333 0.866667 0.900000 0.933333 0.966667 1.000000 1.033333
1.066667 1.100000 1.133333 1.166667 1.200000 1.233333 1.266667 1.300000 1.333333 1.366667 1.400000 1.433333 1.466667 1.500000 1.533333 1.566667
1.600000 1.633333 1.666667 1.700000 1.733333 1.766667 1.800000 1.833333 1.866667 1.900000 1.933333 1.966667 2.000000 2.033333 2.066667 2.100000
2.133333 2.166667 2.200000 2.233333 2.266667 2.300000 2.333333 2.366667 2.400000 2.433333 2.466667 2.500000 2.533333 2.566667 2.600000 2.633333
2.666667 2.700000 2.733333 2.766667 2.800000</float_array>
        <technique_common>
          <accessor source="#mixamorig1_Spine-Matrix-animation-input-array" count="85">
            <param name="TIME" type="float"/>
          </accessor>
        </technique_common>
      </source>
      <source id="mixamorig1_Spine-Matrix-animation-output-transform">
        <float_array id="mixamorig1_Spine-Matrix-animation-output-transform-array" count="1360">

0.999163 -0.039392 -0.011019 0.000000 0.039949 0.997631 0.055996 8.775200 0.008787 -0.056389 0.998370 -0.868600 0.000000 0.000000 0.000000 1.000000
0.999093 -0.041378 -0.010052 0.000000 0.041826 0.997903 0.049405 8.775200 0.007986 -0.049780 0.998728 -0.868600 0.000000 0.000000 0.000000 1.000000
0.998929 -0.045032 -0.010661 0.000000 0.045434 0.998122 0.041093 8.775200 0.008790 -0.041533 0.999098 -0.868600 0.000000 0.000000 0.000000 1.000000
0.998659 -0.049665 -0.014585 -0.000000 0.050118 0.998214 0.032516 8.775200 0.012944 -0.033203 0.999365 -0.868600 0.000000 0.000000 0.000000 1.000000
0.998408 -0.052089 -0.021619 0.000000 0.052670 0.998240 0.027258 8.775200 0.020161 -0.028353 0.999395 -0.868600 0.000000 0.000000 0.000000 1.000000
0.998365 -0.048478 -0.030276 -0.000000 0.049309 0.998410 0.027313 8.775200 0.028904 -0.028761 0.999168 -0.868600 0.000000 0.000000 0.000000 1.000000
0.998294 -0.042703 -0.039820 0.000000 0.044060 0.998456 0.033839 8.775200 0.038314 -0.035536 0.998634 -0.868600 0.000000 0.000000 0.000000 1.000000
0.997925 -0.043814 -0.047174 0.000000 0.046108 0.997749 0.048690 8.775200 0.044934 -0.050764 0.997699 -0.868600 0.000000 0.000000 0.000000 1.000000
0.997739 -0.050784 -0.044031 -0.000000 0.053917 0.995862 0.073155 8.775200 0.040134 -0.075363 0.996348 -0.868600 0.000000 0.000000 0.000000 1.000000
0.998665 -0.047412 -0.020517 0.000000 0.049319 0.993195 0.105505 8.775200 0.015375 -0.106376 0.994207 -0.868600 0.000000 0.000000 0.000000 1.000000
0.999335 -0.028029 0.023324 -0.000000 0.024412 0.989415 0.143048 8.775200 -0.027087 -0.142383 0.989441 -0.868600 0.000000 0.000000 0.000000 1.000000
0.997467 -0.010028 0.070416 0.000000 -0.003155 0.982797 0.184661 8.775200 -0.071056 -0.184416 0.980276 -0.868600 0.000000 0.000000 0.000000 1.000000
0.994784 -0.006224 0.101818 -0.000000 -0.016724 0.974679 0.222984 8.775200 -0.100627 -0.223523 0.969490 -0.868600 0.000000 0.000000 0.000000 1.000000
0.992973 -0.012012 0.117727 0.000000 -0.017574 0.968837 0.247077 8.775200 -0.117026 -0.247409 0.961818 -0.868600 0.000000 0.000000 0.000000 1.000000
0.990912 -0.020278 0.132972 0.000000 -0.014388 0.966919 0.254678 8.775200 -0.133738 -0.254277 0.957840 -0.868600 0.000000 0.000000 0.000000 1.000000
0.988313 -0.029627 0.149529 -0.000000 -0.008733 0.968316 0.249577 8.775200 -0.152186 -0.247966 0.956741 -0.868600 0.000000 0.000000 0.000000 1.000000
0.987396 -0.042770 0.152380 0.000000 0.006444 0.972860 0.231304 8.775200 -0.158137 -0.227407 0.960874 -0.868600 0.000000 0.000000 0.000000 1.000000
0.988713 -0.062086 0.136353 0.000000 0.034693 0.980235 0.194771 8.775200 -0.145751 -0.187842 0.971325 -0.868600 0.000000 0.000000 0.000000 1.000000
0.990007 -0.080677 0.115657 -0.000000 0.064227 0.988136 0.139506 8.775200 -0.125540 -0.130684 0.983444 -0.868600 0.000000 0.000000 0.000000 1.000000
0.991530 -0.083610 0.099388 -0.000000 0.076416 0.994318 0.074111 8.775200 -0.105020 -0.065888 0.992285 -0.868600 0.000000 0.000000 0.000000 1.000000
0.994922 -0.062231 0.079100 0.000000 0.062014 0.998062 0.005208 8.775200 -0.079270 -0.000277 0.996853 -0.868600 0.000000 0.000000 0.000000 1.000000
0.998630 -0.023638 0.046691 0.000000 0.026532 0.997701 -0.062361 8.775200 -0.045109 0.063514 0.996961 -0.868600 0.000000 0.000000 0.000000 1.000000
0.999934 0.008246 0.008020 0.000000 -0.007271 0.993362 -0.114804 8.775200 -0.008913 0.114738 0.993356 -0.868600 0.000000 0.000000 0.000000 1.000000
0.999745 0.010550 -0.019972 0.000000 -0.013309 0.989564 -0.143480 8.775200 0.018250 0.143709 0.989452 -0.868600 0.000000 0.000000 0.000000 1.000000
0.999762 -0.004164 -0.021401 0.000000 0.000614 0.986580 -0.163278 8.775200 0.021794 0.163226 0.986348 -0.868600 0.000000 0.000000 0.000000 1.000000
0.999985 0.005269 0.001557 0.000000 -0.004854 0.980051 -0.198685 8.775200 -0.002573 0.198675 0.980062 -0.868600 0.000000 0.000000 0.000000 1.000000
0.998576 0.049920 0.018828 0.000000 -0.043068 0.962511 -0.267801 8.775200 -0.031491 0.266609 0.963290 -0.868600 0.000000 0.000000 0.000000 1.000000
0.995893 0.090516 0.002042 0.000000 -0.083942 0.931546 -0.353802 8.775200 -0.033927 0.352177 0.935318 -0.868600 0.000000 0.000000 0.000000 1.000000
0.993703 0.107499 -0.031605 0.000000 -0.111101 0.908673 -0.402456 8.775200 -0.014545 0.403432 0.914894 -0.868600 0.000000 0.000000 0.000000 1.000000
0.990170 0.130462 -0.050421 -0.000000 -0.139689 0.904278 -0.403445 8.775200 -0.007040 0.406523 0.913613 -0.868600 0.000000 0.000000 0.000000 1.000000
0.986390 0.154619 -0.055927 0.000000 -0.164050 0.902574 -0.398055 8.775200 -0.011068 0.401812 0.915655 -0.868600 0.000000 0.000000 0.000000 1.000000
0.988228 0.144499 -0.050254 0.000000 -0.152263 0.897032 -0.414910 8.775200 -0.014875 0.417677 0.908474 -0.868600 0.000000 0.000000 0.000000 1.000000
0.994062 0.102288 -0.037109 0.000000 -0.107920 0.883233 -0.456348 8.775200 -0.013903 0.457643 0.889027 -0.868600 0.000000 0.000000 0.000000 1.000000
0.996738 0.071504 -0.037429 0.000000 -0.080630 0.861765 -0.500860 8.775200 -0.003559 0.502244 0.864719 -0.868600 0.000000 0.000000 0.000000 1.000000
0.996096 0.067126 -0.057331 0.000000 -0.087324 0.844415 -0.528524 8.775200 0.012933 0.531467 0.846980 -0.868600 0.000000 0.000000 0.000000 1.000000
0.995136 0.060385 -0.077833 0.000000 -0.093180 0.833366 -0.544811 8.775200 0.031966 0.549413 0.834939 -0.868600 0.000000 0.000000 0.000000 1.000000
0.995315 0.041558 -0.087302 0.000000 -0.083724 0.822076 -0.563189 8.775200 0.048364 0.567859 0.821703 -0.868600 0.000000 0.000000 0.000000 1.000000
0.995387 0.029056 -0.091433 0.000000 -0.076920 0.811276 -0.579582 8.775200 0.057337 0.583941 0.809769 -0.868600 0.000000 0.000000 0.000000 1.000000
0.995134 0.028393 -0.094353 -0.000000 -0.078778 0.804438 -0.588790 8.775200 0.059183 0.593358 0.802760 -0.868600 0.000000 0.000000 0.000000 1.000000
0.994902 0.024534 -0.097818 0.000000 -0.078345 0.798782 -0.596498 8.775200 0.063501 0.601120 0.796632 -0.868600 0.000000 0.000000 0.000000 1.000000
0.994022 0.012746 -0.108437 0.000000 -0.076036 0.793550 -0.603736 8.775200 0.078355 0.608371 0.789775 -0.868600 0.000000 0.000000 0.000000 1.000000
0.991832 0.006909 -0.127364 0.000000 -0.083101 0.792528 -0.604148 8.775200 0.096765 0.609797 0.786628 -0.868600 0.000000 0.000000 0.000000 1.000000
0.989234 0.015502 -0.145517 -0.000000 -0.100780 0.793156 -0.600621 8.775200 0.106107 0.608821 0.786180 -0.868600 0.000000 0.000000 0.000000 1.000000
0.987512 0.028466 -0.154953 0.000000 -0.116924 0.791612 -0.599733 8.775200 0.105591 0.610361 0.785054 -0.868600 0.000000 0.000000 0.000000 1.000000
0.987665 0.028359 -0.153989 -0.000000 -0.116413 0.790692 -0.601044 8.775200 0.104713 0.611557 0.784240 -0.868600 0.000000 0.000000 0.000000 1.000000
0.989215 0.010193 -0.146115 0.000000 -0.097538 0.790052 -0.605230 8.775200 0.109270 0.612955 0.782526 -0.868600 0.000000 0.000000 0.000000 1.000000
0.990343 -0.013465 -0.137980 0.000000 -0.075306 0.783388 -0.616954 8.775200 0.116399 0.621387 0.774809 -0.868600 0.000000 0.000000 0.000000 1.000000
0.990445 -0.028174 -0.134996 0.000000 -0.063954 0.773440 -0.630635 8.775200 0.122179 0.633243 0.764248 -0.868600 0.000000 0.000000 0.000000 1.000000
0.989781 -0.031139 -0.139155 0.000000 -0.065158 0.769267 -0.635596 8.775200 0.126839 0.638168 0.759377 -0.868600 0.000000 0.000000 0.000000 1.000000
0.988774 -0.026397 -0.147072 0.000000 -0.073471 0.771178 -0.632366 8.775200 0.130111 0.636072 0.760581 -0.868600 0.000000 0.000000 0.000000 1.000000
0.988135 -0.018884 -0.152422 0.000000 -0.082293 0.772841 -0.629241 8.775200 0.129681 0.634319 0.762117 -0.868600 0.000000 0.000000 0.000000 1.000000
0.988412 -0.013360 -0.151206 0.000000 -0.086584 0.768556 -0.633897 8.775200 0.124679 0.639643 0.758493 -0.868600 0.000000 0.000000 0.000000 1.000000
0.989528 -0.009820 -0.144008 0.000000 -0.086804 0.756633 -0.648052 8.775200 0.115325 0.653766 0.747857 -0.868600 0.000000 0.000000 0.000000 1.000000
0.990776 -0.006384 -0.135363 0.000000 -0.085159 0.747680 -0.658576 8.775200 0.105412 0.664029 0.740239 -0.868600 0.000000 0.000000 0.000000 1.000000
0.991555 -0.007015 -0.129498 0.000000 -0.080527 0.749418 -0.657182 8.775200 0.101658 0.662061 0.742524 -0.868600 0.000000 0.000000 0.000000 1.000000
0.991961 -0.009422 -0.126191 0.000000 -0.076245 0.751383 -0.655446 8.775200 0.100994 0.659799 0.744625 -0.868600 0.000000 0.000000 0.000000 1.000000
0.993427 -0.012176 -0.113821 -0.000000 -0.065515 0.754891 -0.652570 8.775200 0.093869 0.655737 0.749131 -0.868600 0.000000 0.000000 0.000000 1.000000
0.996331 -0.018661 -0.083520 -0.000000 -0.039109 0.768783 -0.638313 8.775200 0.076120 0.639238 0.765232 -0.868600 0.000000 0.000000 0.000000 1.000000
0.998970 -0.028545 -0.035263 0.000000 0.000684 0.786639 -0.617413 8.775200 0.045363 0.616753 0.785848 -0.868600 0.000000 0.000000 0.000000 1.000000
0.999732 -0.021682 0.008120 0.000000 0.022333 0.810578 -0.585205 8.775200 0.006107 0.585229 0.810845 -0.868600 0.000000 0.000000 0.000000 1.000000
0.999712 0.002421 0.023866 0.000000 0.010972 0.838567 -0.544689 8.775200 -0.021332 0.544794 0.838299 -0.868600 0.000000 0.000000 0.000000 1.000000
0.999763 0.020497 0.007393 0.000000 -0.013971 0.863358 -0.504399 8.775200 -0.016722 0.504176 0.863439 -0.868600 0.000000 0.000000 0.000000 1.000000
0.999714 0.013894 -0.019447 -0.000000 -0.021261 0.888660 -0.458074 8.775200 0.010917 0.458356 0.888702 -0.868600 0.000000 0.000000 0.000000 1.000000
0.999389 -0.001352 -0.034920 0.000000 -0.012866 0.914825 -0.403645 8.775200 0.032492 0.403848 0.914249 -0.868600 0.000000 0.000000 0.000000 1.000000
0.999365 -0.008088 -0.034707 0.000000 -0.004505 0.937419 -0.348174 8.775200 0.035351 0.348109 0.936787 -0.868600 0.000000 0.000000 0.000000 1.000000
0.999607 -0.002618 -0.027895 0.000000 -0.005806 0.954653 -0.297663 8.775200 0.027409 0.297708 0.954263 -0.868600 0.000000 0.000000 0.000000 1.000000
0.999699 0.008796 -0.022890 -0.000000 -0.014257 0.967965 -0.250681 8.775200 0.019952 0.250932 0.967799 -0.868600 0.000000 0.000000 0.000000 1.000000
0.999636 0.015692 -0.021945 -0.000000 -0.019839 0.978812 -0.203795 8.775200 0.018282 0.204157 0.978768 -0.868600 0.000000 0.000000 0.000000 1.000000
0.999547 0.012212 -0.027497 0.000000 -0.016346 0.987697 -0.155523 8.775200 0.025260 0.155902 0.987450 -0.868600 0.000000 0.000000 0.000000 1.000000
0.999175 0.000329 -0.040619 -0.000000 -0.004817 0.993871 -0.110445 8.775200 0.040334 0.110549 0.993052 -0.868600 0.000000 0.000000 0.000000 1.000000
0.998308 -0.013065 -0.056665 -0.000000 0.008717 0.997046 -0.076304 8.775200 0.057495 0.075681 0.995473 -0.868600 0.000000 0.000000 0.000000 1.000000
0.997355 -0.024178 -0.068541 0.000000 0.020470 0.998316 -0.054285 8.775200 0.069738 0.052738 0.996170 -0.868600 0.000000 0.000000 0.000000 1.000000
0.996690 -0.033552 -0.074047 0.000000 0.030750 0.998779 -0.038660 8.775200 0.075254 0.036255 0.996505 -0.868600 0.000000 0.000000 0.000000 1.000000
0.996317 -0.041639 -0.074959 0.000000 0.039849 0.998887 -0.025231 8.775200 0.075926 0.022151 0.996867 -0.868600 0.000000 0.000000 0.000000 1.000000
0.996262 -0.046536 -0.072775 0.000000 0.045595 0.998854 -0.014537 8.775200 0.073368 0.011164 0.997242 -0.868600 0.000000 0.000000 0.000000 1.000000
0.996606 -0.046261 -0.068097 0.000000 0.045846 0.998919 -0.007653 8.775200 0.068377 0.004505 0.997649 -0.868600 0.000000 0.000000 0.000000 1.000000
0.997276 -0.041323 -0.061097 -0.000000 0.041158 0.999145 -0.003967 8.775200 0.061208 0.001441 0.998124 -0.868600 0.000000 0.000000 0.000000 1.000000
0.997999 -0.034744 -0.052826 0.000000 0.034658 0.999396 -0.002542 8.775200 0.052882 0.000706 0.998600 -0.868600 0.000000 0.000000 0.000000 1.000000
0.998486 -0.031504 -0.045096 0.000000 0.031510 0.999503 -0.000584 8.775200 0.045092 -0.000838 0.998982 -0.868600 0.000000 0.000000 0.000000 1.000000
0.998729 -0.032760 -0.038295 0.000000 0.033018 0.999436 0.006130 8.775200 0.038072 -0.007387 0.999248 -0.868600 0.000000 0.000000 0.000000 1.000000
0.998780 -0.037382 -0.032260 -0.000000 0.037920 0.999149 0.016241 8.775200 0.031625 -0.017445 0.999348 -0.868600 0.000000 0.000000 0.000000 1.000000
0.998798 -0.041318 -0.026363 0.000000 0.042017 0.998764 0.026540 8.775200 0.025234 -0.027616 0.999300 -0.868600 0.000000 0.000000 0.000000 1.000000
0.998939 -0.041693 -0.019583 -0.000000 0.042403 0.998402 0.037356 8.775200 0.017994 -0.038147 0.999110 -0.868600 0.000000 0.000000 0.000000 1.000000
0.999098 -0.040242 -0.013555 -0.000000 0.040858 0.997975 0.048756 8.775200 0.011566 -0.049266 0.998719 -0.868600 0.000000 0.000000 0.000000 1.000000
0.999163 -0.039389 -0.011020 -0.000000 0.039947 0.997632 0.055996 8.775200 0.008788 -0.056389 0.998370 -0.868600 0.000000 0.000000 0.000000 1.000000</float_array>
        <technique_common>
          <accessor source="#mixamorig1_Spine-Matrix-animation-output-transform-array" count="85" stride="16">
            <param type="float4x4"/>
          </accessor>
        </technique_common>
      </source>
      <source id="mixamorig1_Spine-Interpolations">
        <Name_array id="mixamorig1_Spine-Interpolations-array" count="85">
 LINEAR LINEAR LINEAR LINEAR LINEAR LINEAR LINEAR LINEAR LINEAR LINEAR LINEAR
LINEAR LINEAR LINEAR LINEAR LINEAR LINEAR LINEAR LINEAR LINEAR LINEAR LINEAR LINEAR
LINEAR LINEAR LINEAR LINEAR LINEAR LINEAR LINEAR LINEAR LINEAR LINEAR LINEAR LINEAR
LINEAR LINEAR LINEAR LINEAR LINEAR LINEAR LINEAR LINEAR LINEAR LINEAR LINEAR LINEAR
LINEAR LINEAR LINEAR LINEAR LINEAR LINEAR LINEAR LINEAR LINEAR LINEAR LINEAR LINEAR
LINEAR LINEAR LINEAR LINEAR LINEAR LINEAR LINEAR LINEAR LINEAR LINEAR LINEAR LINEAR
LINEAR LINEAR LINEAR LINEAR LINEAR LINEAR LINEAR LINEAR LINEAR LINEAR LINEAR LINEAR
LINEAR LINEAR</Name_array>
        <technique_common>
          <accessor source="#mixamorig1_Spine-Interpolations-array" count="85">
            <param type="name"/>
          </accessor>
        </technique_common>
      </source>
      <sampler id="mixamorig1_Spine-Matrix-animation-transform">
        <input semantic="INPUT" source="#mixamorig1_Spine-Matrix-animation-input"/>
        <input semantic="OUTPUT" source="#mixamorig1_Spine-Matrix-animation-output-transform"/>
        <input semantic="INTERPOLATION" source="#mixamorig1_Spine-Interpolations"/>
      </sampler>
      <channel source="#mixamorig1_Spine-Matrix-animation-transform" target="mixamorig1_Spine/matrix"/>
    </animation>
    <animation id="mixamorig1_Spine1-anim" name="mixamorig1_Spine1">
      <source id="mixamorig1_Spine1-Matrix-animation-input">
        <float_array id="mixamorig1_Spine1-Matrix-animation-input-array" count="85">

0.000000 0.033333 0.066667 0.100000 0.133333 0.166667 0.200000 0.233333 0.266667 0.300000 0.333333 0.366667 0.400000 0.433333 0.466667 0.500000
0.533333 0.566667 0.600000 0.633333 0.666667 0.700000 0.733333 0.766667 0.800000 0.833333 0.866667 0.900000 0.933333 0.966667 1.000000 1.033333
1.066667 1.100000 1.133333 1.166667 1.200000 1.233333 1.266667 1.300000 1.333333 1.366667 1.400000 1.433333 1.466667 1.500000 1.533333 1.566667
1.600000 1.633333 1.666667 1.700000 1.733333 1.766667 1.800000 1.833333 1.866667 1.900000 1.933333 1.966667 2.000000 2.033333 2.066667 2.100000
2.133333 2.166667 2.200000 2.233333 2.266667 2.300000 2.333333 2.366667 2.400000 2.433333 2.466667 2.500000 2.533333 2.566667 2.600000 2.633333
2.666667 2.700000 2.733333 2.766667 2.800000</float_array>
        <technique_common>
          <accessor source="#mixamorig1_Spine1-Matrix-animation-input-array" count="85">
            <param name="TIME" type="float"/>
          </accessor>
        </technique_common>
      </source>
      <source id="mixamorig1_Spine1-Matrix-animation-output-transform">
        <float_array id="mixamorig1_Spine1-Matrix-animation-output-transform-array" count="1360">

0.999463 -0.023510 -0.022824 -0.000000 0.020356 0.991337 -0.129754 10.287800 0.025677 0.129220 0.991283 -0.000000 0.000000 0.000000 0.000000 1.000000
0.999497 -0.022297 -0.022537 -0.000000 0.019238 0.991606 -0.127859 10.287800 0.025199 0.127361 0.991536 0.000000 0.000000 0.000000 0.000000 1.000000
0.999539 -0.020198 -0.022659 0.000000 0.017195 0.991919 -0.125699 10.287800 0.025015 0.125251 0.991810 0.000000 0.000000 0.000000 0.000000 1.000000
0.999574 -0.017063 -0.023664 -0.000000 0.014013 0.992238 -0.123559 10.287800 0.025588 0.123175 0.992055 0.000000 0.000000 0.000000 0.000000 1.000000
0.999576 -0.013942 -0.025581 0.000000 0.010733 0.992527 -0.121556 10.287800 0.027084 0.121230 0.992255 -0.000000 0.000000 0.000000 0.000000 1.000000
0.999523 -0.012624 -0.028171 -0.000000 0.009152 0.992716 -0.120131 10.287800 0.029482 0.119816 0.992358 -0.000000 0.000000 0.000000 0.000000 1.000000
0.999423 -0.013329 -0.031233 0.000000 0.009489 0.992726 -0.120021 10.287800 0.032606 0.119656 0.992280 0.000000 0.000000 0.000000 0.000000 1.000000
0.999320 -0.015080 -0.033654 -0.000000 0.010917 0.992638 -0.120630 10.287800 0.035226 0.120180 0.992127 0.000000 0.000000 0.000000 0.000000 1.000000
0.999307 -0.017687 -0.032767 0.000000 0.013677 0.992823 -0.118808 10.287800 0.034633 0.118277 0.992376 -0.000000 0.000000 0.000000 0.000000 1.000000
0.999422 -0.022154 -0.025771 0.000000 0.019112 0.993432 -0.112814 10.287800 0.028101 0.112256 0.993282 0.000000 0.000000 0.000000 0.000000 1.000000
0.999525 -0.028038 -0.012762 -0.000000 0.026526 0.993981 -0.106289 10.287800 0.015665 0.105900 0.994253 0.000000 0.000000 0.000000 0.000000 1.000000
0.999489 -0.031942 0.001474 -0.000000 0.031924 0.994158 -0.103103 10.287800 0.001828 0.103098 0.994670 0.000000 0.000000 0.000000 0.000000 1.000000
0.999435 -0.031619 0.011382 -0.000000 0.032617 0.994239 -0.102107 10.287800 -0.008088 0.102421 0.994708 0.000000 0.000000 0.000000 0.000000 1.000000
0.999465 -0.028090 0.016736 -0.000000 0.029625 0.994558 -0.099885 10.287800 -0.013839 0.100327 0.994858 0.000000 0.000000 0.000000 0.000000 1.000000
0.999495 -0.023128 0.021774 0.000000 0.025082 0.995236 -0.094211 10.287800 -0.019492 0.094710 0.995314 0.000000 0.000000 0.000000 0.000000 1.000000
0.999487 -0.017096 0.027076 0.000000 0.019353 0.996156 -0.085431 10.287800 -0.025511 0.085911 0.995976 0.000000 0.000000 0.000000 0.000000 1.000000
0.999558 -0.009704 0.028099 0.000000 0.011793 0.997102 -0.075150 10.287800 -0.027288 0.075448 0.996776 -0.000000 0.000000 0.000000 0.000000 1.000000
0.999728 -0.001962 0.023223 0.000000 0.003456 0.997914 -0.064471 10.287800 -0.023048 0.064534 0.997649 0.000000 0.000000 0.000000 0.000000 1.000000
0.999856 0.003585 0.016572 0.000000 -0.002671 0.998492 -0.054823 10.287800 -0.016743 0.054771 0.998359 -0.000000 0.000000 0.000000 0.000000 1.000000
0.999930 0.004643 0.010912 -0.000000 -0.004122 0.998871 -0.047327 10.287800 -0.011119 0.047278 0.998820 0.000000 0.000000 0.000000 0.000000 1.000000
0.999992 0.000227 0.003964 0.000000 -0.000064 0.999152 -0.041180 10.287800 -0.003970 0.041179 0.999144 0.000000 0.000000 0.000000 0.000000 1.000000
0.999927 -0.010097 -0.006699 0.000000 0.009839 0.999246 -0.037547 10.287800 0.007073 0.037479 0.999272 -0.000000 0.000000 0.000000 0.000000 1.000000
0.999459 -0.025974 -0.020155 0.000000 0.025126 0.998834 -0.041233 10.287800 0.021203 0.040704 0.998946 0.000000 0.000000 0.000000 0.000000 1.000000
0.998441 -0.045735 -0.031994 -0.000000 0.044114 0.997791 -0.049674 10.287800 0.034195 0.048185 0.998253 0.000000 0.000000 0.000000 0.000000 1.000000
0.997193 -0.065424 -0.036420 0.000000 0.063537 0.996687 -0.050768 10.287800 0.039621 0.048312 0.998046 0.000000 0.000000 0.000000 0.000000 1.000000
0.996642 -0.075292 -0.032176 0.000000 0.073920 0.996384 -0.041892 10.287800 0.035214 0.039373 0.998604 0.000000 0.000000 0.000000 0.000000 1.000000
0.997395 -0.067515 -0.025386 0.000000 0.066722 0.997293 -0.030902 10.287800 0.027403 0.029128 0.999200 0.000000 0.000000 0.000000 0.000000 1.000000
0.998796 -0.043605 -0.022462 0.000000 0.043188 0.998891 -0.018749 10.287800 0.023254 0.017756 0.999572 0.000000 0.000000 0.000000 0.000000 1.000000
0.999671 -0.014957 -0.020849 0.000000 0.014852 0.999876 -0.005165 10.287800 0.020923 0.004854 0.999769 0.000000 0.000000 0.000000 0.000000 1.000000
0.999855 0.006756 -0.015640 -0.000000 -0.006683 0.999967 0.004672 10.287800 0.015671 -0.004567 0.999867 0.000000 0.000000 0.000000 0.000000 1.000000
0.999764 0.019362 -0.009898 0.000000 -0.019271 0.999771 0.009261 10.287800 0.010075 -0.009068 0.999908 -0.000000 0.000000 0.000000 0.000000 1.000000
0.999780 0.019395 -0.007940 -0.000000 -0.019316 0.999764 0.009914 10.287800 0.008130 -0.009758 0.999919 0.000000 0.000000 0.000000 0.000000 1.000000
0.999904 0.009945 -0.009649 0.000000 -0.009864 0.999915 0.008492 10.287800 0.009733 -0.008396 0.999917 0.000000 0.000000 0.000000 0.000000 1.000000
0.999907 0.003417 -0.013217 0.000000 -0.003288 0.999947 0.009782 10.287800 0.013249 -0.009738 0.999865 0.000000 0.000000 0.000000 0.000000 1.000000
0.999851 0.005532 -0.016367 0.000000 -0.005278 0.999866 0.015491 10.287800 0.016451 -0.015403 0.999746 0.000000 0.000000 0.000000 0.000000 1.000000
0.999763 0.011768 -0.018292 0.000000 -0.011393 0.999725 0.020480 10.287800 0.018528 -0.020267 0.999623 -0.000000 0.000000 0.000000 0.000000 1.000000
0.999685 0.015580 -0.019656 0.000000 -0.015150 0.999647 0.021836 10.287800 0.019989 -0.021531 0.999568 0.000000 0.000000 0.000000 0.000000 1.000000
0.999675 0.014062 -0.021283 0.000000 -0.013621 0.999692 0.020747 10.287800 0.021568 -0.020451 0.999558 0.000000 0.000000 0.000000 0.000000 1.000000
0.999693 0.007206 -0.023710 -0.000000 -0.006759 0.999799 0.018884 10.287800 0.023841 -0.018718 0.999541 -0.000000 0.000000 0.000000 0.000000 1.000000
0.999631 -0.000485 -0.027146 -0.000000 0.000949 0.999854 0.017083 10.287800 0.027134 -0.017103 0.999486 0.000000 0.000000 0.000000 0.000000 1.000000
0.999527 -0.001605 -0.030708 -0.000000 0.002088 0.999874 0.015731 10.287800 0.030678 -0.015788 0.999405 0.000000 0.000000 0.000000 0.000000 1.000000
0.999468 0.005885 -0.032088 0.000000 -0.005387 0.999864 0.015597 10.287800 0.032176 -0.015416 0.999363 0.000000 0.000000 0.000000 0.000000 1.000000
0.999410 0.016248 -0.030262 0.000000 -0.015737 0.999731 0.017041 10.287800 0.030531 -0.016555 0.999397 0.000000 0.000000 0.000000 0.000000 1.000000
0.999378 0.021917 -0.027615 -0.000000 -0.021413 0.999601 0.018405 10.287800 0.028007 -0.017802 0.999449 0.000000 0.000000 0.000000 0.000000 1.000000
0.999430 0.019599 -0.027475 -0.000000 -0.019111 0.999657 0.017918 10.287800 0.027817 -0.017383 0.999462 0.000000 0.000000 0.000000 0.000000 1.000000
